1000
0.2
3000
6 8 9 13 14 19 24 25 32 35 49 61 63 80 81 94
1 2 4 5 8 9 10 11 13 14 15 20 21 23 25 27 29 33 34 35 37 40 42 43 45 46 48 52 53 56 57 58 59 60 61 64 65 66 68 69 71 73 75 77 80 83 86 89
1 2 8 11 16 18 20 23 25 28 41 44 46 47 48 49 60 66 76 79 82 85 93 99
1 2 3 5 13 15 18 20 21 22 25 27 30 32 36 40 41 44 47 52 53 56 57 60 61 63 64 65 67 71 76 77 81 85 94 98 99
2 3 4 5 9 10 11 12 15 17 18 21 24 25 26 27 28 29 33 35 36 37 38 39 40 42 43 45 48 49 54 60 62 64 65 68 69 70 71 73 76 78 83 84 85 88 91 92 100
1 2 11 27 30 36 37 44 51 56 73 82 90
4 6 10 20 24 31 32 37 41 49 53 72 73 89 96
1 3 7 10 12 13 14 15 19 33 36 41 46 50 53 56 61 64 70 72 75 84 91
2 3 4 6 17 18 25 26 36 39 46 47 64 69 70 75 92 93 98
2 4 7 11 14 16 17 21 24 25 26 30 42 44 46 49 55 63 70 72 89 91 97
1 2 7 8 12 16 17 19 21 23 26 31 32 39 40 42 48 53 54 55 61 65 74 84 85 86 89
2 4 6 7 8 11 13 14 15 16 18 20 21 22 23 24 25 27 28 29 30 32 36 37 38 41 44 45 47 50 51 55 57 58 60 62 64 65 67 70 71 72 74 79 80 88 94 95 100
1 6 11 18 21 24 26 33 41 43 46 48 49 51 63 72 74 75 88 99 100
2 5 6 7 9 10 11 13 15 17 18 19 20 23 24 31 34 35 53 54 56 57 58 61 64 66 73 77 81 82 89 93 98
1 6 7 9 10 11 12 13 14 15 16 18 19 21 22 28 29 33 37 38 41 44 47 49 50 54 55 56 57 59 60 63 65 66 75 77 78 82 83 85 94 97 98 100
1 2 4 5 6 7 8 10 11 12 13 14 15 16 17 19 21 24 27 28 30 35 36 37 41 45 46 50 51 52 56 59 62 69 86 87 91 92 97 100
5 9 16 17 20 25 29 34 36 39 41 53 54 80 82 89 91
9 10 21 22 23 25 27 30 31 33 34 38 44 46 48 54 67 69 75 82 86 89 90 93 94 100
9 10 11 20 22 35 43 45 48 52 60 69
3 5 9 10 12 14 18 23 27 30 31 33 35 50 53 63 65 66 72 73 88 96 100
1 3 5 7 9 14 16 17 19 21 22 23 24 25 27 28 29 32 34 36 37 39 41 45 46 47 50 54 58 59 61 63 65 67 68 71 75 79 82 89 91 97 98 99 100
2 3 5 6 15 23 27 31 37 38 50 52 61 62 66 68 75 79 83 94 95
3 7 9 13 20 21 32 33 45 46 49 51 60 64 66 68 69 73 77 78 79 84 86 91 97
1 4 6 8 10 11 14 16 18 21 22 23 24 37 40 42 44 46 50 52 61 68 70 71 72 78 79 85 92 96
2 5 9 10 28 33 36 42 43 45 46 47 48 50 51 53 67 69 70 76 92
1 4 6 11 15 16 20 21 24 26 28 49 54 68 71 73 76 97
2 5 6 7 8 9 11 14 19 28 32 40 45 50 55 67 81 83 88
1 2 3 10 12 13 15 16 18 20 23 27 28 29 36 42 43 45 48 51 52 60 62 64 66 69 80 84 93 94 96
2 4 5 6 8 9 10 11 13 15 16 19 20 22 23 24 25 27 28 32 36 38 39 42 43 44 47 56 57 61 62 66 67 69 78 82 84 85 88 89 92 93 97 98 99
1 5 7 15 20 21 23 25 29 37 39 49 64 65 68 71 76 91 93 96 98
3 4 6 11 12 13 15 19 20 21 24 30 34 38 46 50 58 59 61 63 65 67 70 80 92 96
3 9 20 25 27 33 36 41 42 44 65 73 75 77 83 84 88
5 21 25 27 28 33 36 37 41 42 59 65 74 75
2 8 14 16 26 29 33 34 41 46 53 62 92 95
1 4 6 8 10 14 16 18 20 22 26 27 29 32 33 39 45 53 55 56 57 59 61 69 81 82 84 91 92 95
1 4 5 7 8 9 12 13 16 17 19 21 24 29 34 40 41 42 46 47 48 49 50 56 60 61 62 63 69 70 72 74 78 79 80 81 85 88 89 91 95 97 99 100
1 4 7 14 20 22 25 37 45 49 50 51 52 55 60 63 67 72 87
1 2 6 8 10 12 14 15 17 20 23 30 38 39 41 43 47 48 50 51 55 58 65 66 68 69 78 92 96
10 14 23 27 34 38 41 52 65 67 70 79 81 93 100
1 4 7 9 12 13 14 15 16 17 18 19 20 27 29 41 42 45 46 47 48 49 50 51 54 56 58 59 62 65 67 70 75 78 80 88 91 93 95 99
3 5 13 14 15 18 19 23 25 27 29 30 35 36 38 39 40 41 42 43 46 48 50 51 53 57 58 62 63 66 70 71 74 76 77 79 80 82 85 87 92 95 97 98 99
6 7 8 10 12 13 16 19 20 21 22 26 27 28 29 31 32 33 34 35 40 43 47 48 50 54 56 61 67 71 75 77 83
2 3 4 5 8 10 13 17 20 21 22 24 30 31 33 35 37 40 43 44 51 53 60 62 68 71 72 75 83
2 10 13 29 36 39 43 45 50 57 64 69 71 72 82
2 5 15 20 35 36 50 51 61 72 82 84
5 6 7 10 11 13 15 18 20 25 26 27 28 29 32 33 36 39 42 43 52 53 54 59 67 68 69 71 72 77 85 86 91 98
1 2 3 6 10 14 17 19 20 21 24 25 28 33 35 38 39 41 42 44 46 47 48 49 55 58 61 62 68 75 76 77 85 92 95 97
2 5 8 11 12 14 15 16 17 21 22 25 31 40 43 46 50 53 54 57 62 64 65 73 74 75 76 77 81 82 95 97 100
2 3 5 9 10 11 12 14 16 17 19 20 21 27 29 31 34 35 37 38 40 41 44 48 51 53 55 56 59 61 62 65 68 69 70 78 80 81 83 92
2 5 7 8 10 11 12 13 17 20 21 22 25 26 35 36 44 45 46 47 48 52 59 60 61 62 64 69 72 75 77 79 80 83 84 86
7 8 10 20 22 25 29 35 37 38 39 49 53 54 57 62 67 72 73 74 85 87 93 99
8 19 21 22 24 26 28 30 38 41 51 55 56 63 64 70 97
1 3 4 5 7 9 10 16 17 18 19 20 23 25 27 29 30 32 36 38 39 41 44 45 46 47 54 55 56 59 61 66 68 69 70 71 72 74 75 77 79 84 87 88 91 92 95 96 97
5 20 34 37 51 52 68 69 76 79 94
1 8 12 13 14 15 16 20 23 27 28 29 32 34 35 39 40 41 42 50 52 55 56 58 61 63 66 69 71 74 80 81 85 91 93 100
1 3 5 7 8 12 13 14 15 20 22 23 25 29 30 31 32 33 34 37 39 41 47 50 54 58 59 60 61 62 64 67 69 77 81 82 86 94 97
3 10 14 18 19 21 24 26 32 34 37 41 43 49 50 53 55 57 58 60 62 63 66 69 71 73 75 79 81 83 84 86 90 91 93 94 97
4 6 7 13 25 26 27 34 36 45 54 60 61 65 71 72 75 76 78 80 88 100
1 2 8 12 18 23 31 33 40 43 87 92
1 8 19 20 23 25 27 30 31 33 34 38 43 59 63 65 66 72 76 81 83 99
1 4 8 11 13 14 21 25 31 41 47 52 53 63 71 73 83 90 95
2 3 4 5 6 8 9 11 13 15 18 19 26 27 30 32 33 34 35 37 39 47 51 52 54 55 58 60 62 64 67 68 69 76 78 79 80 83 89 90 92 96
1 5 10 12 16 18 23 26 32 35 37 41 45 49 52 62 66 73 76 83 90 100
5 7 10 12 15 16 23 27 29 30 33 36 39 42 46 48 50 51 52 53 55 62 66 67 70 72 73 74 78 83 85 88
3 5 8 13 17 19 20 21 22 23 29 32 35 38 39 42 46 50 53 54 56 63 81 84 85 98
2 7 9 15 19 29 33 38 39 60 61 63 72 78 80
5 7 15 17 21 23 26 27 32 37 54 60 64 65 79
1 2 4 7 10 12 13 16 17 18 22 24 29 30 31 32 34 35 36 37 39 43 45 49 51 56 57 58 60 61 66 67 70 75 77 84 86 90 91 98 99
9 13 14 17 20 35 37 41 44 47 54 59 61 64 65 89 94 97
7 9 13 19 20 21 24 32 36 37 38 40 47 49 55 58 59 60 67 73 80 82 86 95
4 6 8 9 12 16 17 20 21 23 24 28 31 36 37 39 41 48 51 54 57 59 63 64 65 68 81 82 83 86 95 97 99
17 21 40 42 48 50 52 54 56 58 72 90
5 11 13 18 19 22 28 32 36 40 53 54 56 63 68 69 79 99
2 3 5 6 9 12 13 14 17 19 22 23 25 26 29 32 35 36 39 40 41 43 46 47 50 52 53 55 63 65 69 71 72 74 77 84 86 89 90 92 93 97 99
2 5 7 9 14 15 17 23 24 26 28 35 44 48 51 66 74 81 86 89 93 98
6 7 11 27 28 47 63 80 95 97
4 6 7 15 19 29 31 32 35 39 41 49 51 52 54 56 83 85 93 97
2 4 6 8 11 14 18 22 26 31 35 37 39 43 49 51 66 72 76 91 96
4 5 12 18 29 47 53 54 55 57 58 65 68 84 85 100
1 2 6 7 9 11 12 13 14 20 23 24 25 26 27 28 30 31 32 35 38 39 40 41 43 44 46 49 50 58 59 61 62 64 65 66 77 80 81 84 87 93 100
1 2 4 5 6 7 8 17 18 19 20 21 22 23 28 30 31 32 33 34 35 38 39 44 45 50 51 52 53 54 57 60 61 64 72 76 77 78 80 81 83 90 93 95
4 5 7 8 11 16 33 34 35 36 37 39 40 81 83 85 95
2 3 28 30 32 38 41 45 47 48 73 87 90 93 94
2 6 9 12 16 20 22 26 33 41 47 53 62 66 67 70 77 79 80 85 88
5 7 8 9 13 18 19 21 23 26 29 30 33 34 35 39 41 44 45 46 47 52 57 60 61 63 66 67 71 72 76 88 90 94 96
1 2 6 10 13 18 19 20 23 24 25 32 33 36 37 38 39 41 42 45 49 51 52 53 54 67 68 70 73 74 77 78 82 85 87 88 90 93 95
1 2 3 5 7 8 11 12 14 15 17 18 20 23 25 26 28 30 35 36 39 44 45 46 51 52 53 55 56 57 64 68 73 76 77 78 80 83 86 90 94
15 22 25 32 34 35 46 47 48 51 61 78 83 100
1 4 17 22 28 37 38 40 41 42 55 57 74 97 99
1 2 7 9 11 16 17 20 22 26 30 33 43 45 48 50 53 54 55 57 61 63 70 72 78 80 82 83 86 87 89 91 93 96 98 100
9 11 12 15 17 25 28 34 35 36 37 61 65 76 80 82 90
1 2 3 4 7 10 12 13 15 18 21 23 27 31 33 36 38 39 41 43 48 53 55 56 58 62 64 65 69 73 74 79 87 92 95 97 98
2 11 14 19 22 24 27 28 30 31 33 34 40 41 51 53 57 59 74 77 88 89 91 95 96 97 98
4 9 13 22 24 29 30 34 42 45 49 58 62 66 76 84
1 9 10 17 20 22 36 51 62 81
1 2 3 4 5 6 7 11 12 13 16 17 19 20 22 23 24 31 38 39 40 42 43 46 48 49 50 55 56 60 63 67 69 70 71 72 79 81 84 86 88 96 100
4 5 15 16 17 21 22 26 27 28 30 31 34 38 41 44 57 59 60 64 67 68 69 73 85 99
2 3 5 6 18 20 25 26 29 33 34 38 39 41 42 43 44 45 48 52 53 55 57 60 62 71 75 78 91 99
3 4 9 10 11 12 13 14 15 24 28 32 33 34 35 41 43 48 49 54 58 59 72 77 78 81 83 90 96 98
3 4 14 15 18 21 24 29 30 33 40 43 46 49 55 56 64 65 66 67 69 70 71 73 79 83 87
1 2 4 5 6 7 10 11 12 13 15 16 17 22 23 25 27 31 32 34 35 36 37 38 40 42 46 50 52 53 55 56 58 60 63 65 66 75 76 81 84 87 88 93
3 6 7 9 10 12 13 14 16 22 25 32 36 37 38 42 45 49 60 61 63 72 73 77 86 89 90 92 95
4 6 7 8 10 12 18 19 20 22 23 24 26 27 28 29 31 33 35 41 43 44 45 46 51 53 55 56 57 60 62 63 66 67 68 79 86 87 92
2 3 6 10 11 15 27 31 33 44 46 52 55 59 82 95
2 3 4 6 8 9 12 13 14 15 16 17 20 21 25 27 28 29 30 32 33 36 38 39 40 45 46 49 51 53 54 58 59 60 62 65 66 67 68 69 73 74 76 77 81 82 84 89 91 95
1 3 4 6 8 9 11 14 15 16 20 23 24 27 28 29 32 33 34 36 37 39 42 54 60 61 77 91 94
5 7 9 11 12 18 21 23 25 26 28 32 34 36 39 41 42 44 45 46 48 52 55 59 64 67 70 79 80 83 84 88 90
1 2 3 7 8 9 10 12 14 15 16 19 21 22 23 28 33 39 43 46 48 49 54 58 60 62 64 66 67 75 79 81 85 87 88 91 92 93 94 98 100
3 8 11 15 16 19 22 25 48 50 62 63 64 69 75 81 82 93
3 5 7 10 13 14 18 21 22 23 24 25 27 30 31 33 35 37 40 43 45 48 50 51 52 55 58 62 63 67 68 69 70 75 79 80 82 83 84 87 88 92 95 96 99
2 3 4 5 8 15 17 18 20 23 27 29 33 34 35 36 37 38 39 42 43 45 46 47 48 49 54 55 57 59 63 64 68 72 75 77 89 92 95 98 100
1 2 3 4 5 6 7 8 10 11 13 14 15 16 17 18 20 22 23 26 27 32 33 35 36 40 41 43 46 49 54 56 57 58 59 66 68 70 72 74 76 80 81 83 86 94 96 97
5 6 7 19 38 39 42 46 48 51 53 54 56 62 70 71 81 87 94 95
1 2 3 5 6 7 8 10 11 12 14 16 21 22 23 24 26 27 28 29 31 32 34 35 37 39 40 41 43 44 45 50 51 54 56 57 60 61 62 68 69 70 73 77 81 86 87 89 91
1 10 11 12 17 23 25 30 33 37 50 52 60 72 83
1 5 7 8 9 11 12 14 15 17 18 21 26 27 28 32 33 34 36 37 38 40 41 42 44 45 46 47 49 51 54 57 60 65 66 68 70 71 73 75 76 77 78 82 83 85 87 88 91 100
3 5 6 7 14 16 18 21 23 28 30 34 35 42 49 57 62 63 65 66 68 71 81 82 86 89 91 99
4 5 10 11 13 15 26 28 29 34 35 37 38 41 44 45 47 49 59 61 64 65 71 78 80 86 94 96
7 8 9 17 28 34 56 57 59 61 66 75 90 95
4 7 10 15 18 19 24 27 29 31 33 35 37 39 42 43 44 49 58 62 79 87 95 96
4 6 9 13 22 25 27 28 29 30 34 36 37 38 39 40 43 47 48 49 51 52 53 55 61 62 71 87 89 90 94 95 100
1 2 3 9 10 11 14 15 16 20 28 29 30 36 39 42 46 47 52 53 58 64 66 67 75 80 86 89 93 99
2 4 5 9 11 13 15 16 18 22 27 28 30 33 36 39 41 42 43 44 45 46 47 52 53 56 60 61 63 65 75 79 87 89 98
1 6 7 8 9 10 11 15 16 17 19 21 23 24 27 28 29 35 37 38 39 40 43 45 47 48 51 52 54 57 59 65 68 69 71 76 77 80 85 88 90 91 94 97
1 2 3 4 7 8 10 13 14 20 22 26 27 34 35 36 40 41 42 45 46 48 51 54 55 60 61 62 64 65 69 72 76 77 80 81 83 85 94 99
4 6 9 13 14 20 26 27 28 32 35 36 45 50 62 77 97
6 9 13 18 19 24 33 35 37 38 39 42 52 53 57 67 69 70 87 90 97
6 14 20 22 23 26 27 45 61 66 67 82
2 13 18 20 32 50 52 62 65 85 88 100
2 8 10 16 17 24 28 33 38 41 52 54 61 62 66 81
2 5 8 9 10 11 12 15 16 19 23 27 28 33 36 37 39 41 43 44 45 47 50 52 56 58 63 67 68 72 73 75 80 82 84 87 88 90 92 94 97 98
5 13 14 19 26 28 43 47 49 57 75 78 87 88 92 96
2 9 10 16 19 20 21 26 36 38 42 49 67 69 72 76 86 90 94
1 2 7 8 10 11 12 13 16 22 24 25 28 30 34 35 37 41 43 44 48 49 53 54 58 61 62 63 67 70 71 76 80 81 82 84 86 91 92 97 98
1 2 3 4 5 6 7 8 9 10 11 12 14 16 21 26 27 28 29 31 32 35 37 46 56 59 60 62 67 69 70 71 72 81 85 88 94 97 100
1 2 4 7 11 15 19 20 22 23 24 25 27 28 29 32 42 44 45 51 53 55 61 62 76 80 85 87 90
1 2 5 6 7 8 10 14 15 16 19 20 21 22 23 24 26 31 32 33 34 39 42 44 48 52 53 55 57 58 63 70 71 73 75 77 79 81 82 85 88 89 93 97
1 2 6 7 15 17 21 22 23 28 29 30 31 32 37 41 42 43 44 49 50 54 66 73 75 77 79 80 81 85 95
1 2 3 8 14 16 20 23 26 32 36 38 46 52 53 64 66 72 78 83 89 90 91 99
3 4 8 9 10 12 15 19 20 22 23 24 25 29 33 35 37 38 44 45 48 49 53 57 60 62 63 76 79 80 82 83 84 90 91 92 97 99
2 6 8 9 12 13 14 15 16 17 18 20 21 25 27 28 29 31 34 35 36 38 39 41 42 43 44 45 46 47 51 53 54 55 58 61 67 68 70 71 72 76 77 80 81 82 84 87 92 98
2 3 6 14 15 22 24 26 29 31 35 39 40 42 43 47 52 55 60 66 70 71 76 77 83 85 86 88 89 95
1 2 3 4 6 7 9 10 13 14 16 18 20 21 26 27 28 30 32 33 37 45 46 48 53 55 56 57 58 61 63 69 71 76 78 79 80 85 91 97 99
2 5 8 11 12 16 19 20 23 24 25 26 27 33 37 39 41 43 45 51 52 53 56 57 60 65 66 67 69 73 76 86 89 99 100
1 3 7 11 17 18 25 26 30 31 32 44 53 54 62 68 71 81 85 88 93 94
2 3 5 6 7 9 12 13 24 25 29 31 34 35 36 37 41 44 45 46 48 49 50 51 52 55 59 62 65 66 67 69 73 74 75 77 79 82 88 89 93 98
1 4 5 7 8 9 11 13 14 16 17 21 24 25 26 27 28 31 32 37 40 41 43 44 46 47 49 59 64 65 71 81 82 85 86 88 93
1 2 3 4 5 6 11 12 15 18 22 23 24 25 28 32 33 34 35 37 38 43 44 50 51 53 56 57 59 60 63 65 68 69 70 71 73 78 80 82 86 88 91 92 97 100
4 5 7 8 14 15 16 20 32 33 35 36 45 47 52 53 55 64
3 5 10 11 15 16 17 20 21 24 26 29 31 33 37 38 41 42 44 46 49 51 52 53 57 68 75 76 79 90 92 95 98 100
3 4 17 19 20 21 24 28 32 39 40 47 49 52 53 58 70 85 95
3 12 17 25 26 29 32 33 35 38 44 54 61 68 72 77 79 80 84 89 91 92 99
1 4 5 15 17 20 24 26 27 29 30 31 34 36 38 43 45 47 49 55 60 64 66 67 69 84 95 98 99
1 2 3 4 5 7 8 9 10 11 12 13 14 15 16 17 19 20 21 23 27 29 31 35 38 39 43 45 46 51 53 54 59 61 65 70 76 85 87 97 100
1 2 6 8 10 11 12 14 15 16 17 19 23 25 27 28 29 30 36 44 45 53 58 63 65 66 68 77 79 83 85 86 87 95 96 99
1 8 10 11 13 14 15 16 17 18 22 23 25 27 28 29 31 33 36 40 43 44 45 46 47 48 50 51 53 56 57 60 61 63 68 69 70 73 74 75 76 78 83 85 87 91 93 95 96 98
4 12 13 16 17 21 25 26 30 32 36 39 40 45 47 49 51 55 59 65 66 69 89 91 93
1 3 6 7 8 9 10 11 13 15 17 18 19 20 23 24 25 29 30 32 35 36 38 40 49 50 51 53 54 55 57 59 61 73 74 75 82 85 87
1 2 5 7 12 14 15 16 18 19 20 21 23 24 25 26 28 30 32 34 36 37 43 46 48 49 50 51 52 54 60 65 66 68 69 71 72 76 79 80 84 88 89 96 98 99
7 9 10 13 16 21 24 27 32 37 38 40 43 44 49 56 59 61 62 63 65 67 70 76 78 79 92 95
1 2 4 5 7 9 10 11 13 14 17 19 20 21 23 24 26 27 28 33 35 36 38 39 40 42 45 47 49 51 53 56 60 61 62 64 65 68 73 75 76 85 93 94 96 98 100
1 8 14 15 16 20 27 30 31 33 36 38 39 40 43 49 53 55 57 58 61 78 83 90 95
1 3 4 9 10 12 13 14 16 17 18 20 22 25 27 28 31 33 34 37 38 41 42 45 46 47 49 50 51 52 53 56 58 60 63 64 66 67 72 79 80 81 82 84 90 91 97 98 99
31 35 37 38 41 42 46 51 58 62 65 69 85 86 88 93
4 5 9 10 14 15 16 17 21 22 24 27 31 32 41 42 43 48 50 52 54 58 61 64 65 67 74 77 83 84 86 94 96
1 4 7 8 10 11 13 14 15 18 21 22 24 25 29 30 31 32 34 37 48 50 56 57 67 68 73 76 77 78 80 81 83 87 96
3 8 9 12 13 16 20 21 22 23 24 26 27 30 32 33 37 39 41 42 44 48 49 53 57 64 67 70 72 74 78 83 89 90 96 99
2 4 5 6 8 10 12 13 18 20 21 22 25 27 28 29 30 31 32 34 35 37 38 39 40 42 43 45 51 52 56 57 59 63 64 66 69 70 71 74 77 79 82 85 86 88
1 2 8 10 11 14 16 20 21 23 24 25 29 30 31 36 37 40 42 43 44 45 46 48 49 54 58 60 72 74 80 83 87 92 99
7 8 9 10 14 16 18 19 24 30 31 32 34 37 39 42 43 48 61 67 69 81 93 96 98
7 12 14 17 22 23 24 27 33 34 37 38 44 47 51 53 55 58 72 74 83
1 6 7 13 17 24 44 56 58 60 63 66 70 74 77 80 85 92 94 99
1 2 3 4 6 8 9 11 12 13 15 16 17 18 19 20 21 22 24 25 26 27 28 29 30 33 34 36 38 42 44 45 50 52 53 54 63 71 72 74 75 76 90 91 92 95 96 98 99 100
8 10 11 15 31 39 43 49 53 63 65 76 79 81 83 84 88 94
1 2 3 5 6 7 8 9 13 14 15 16 19 21 22 24 25 32 33 34 38 40 41 47 48 49 57 58 59 60 62 63 70 71 72 73 74 76 78 79 81 82 83 84 86 88 90 93 97
2 3 10 14 16 26 27 32 34 39 42 44 48 50 53 55 61 71 77 79
10 13 15 18 19 26 31 33 36 44 45 47 57 58 59 60 62 66 84 90 97 100
1 3 4 6 7 9 10 12 14 19 20 24 25 28 31 34 35 36 39 40 42 47 49 52 54 55 57 59 64 65 67 69 75 76 78 85 89
2 4 5 6 7 8 9 13 15 18 21 23 24 28 35 39 41 44 45 47 48 50 53 56 58 61 65 72 79 83 88 91 93 98 100
1 4 5 7 8 9 10 11 12 13 14 16 17 19 21 22 23 25 32 34 39 42 43 45 47 48 50 51 53 55 56 57 59 62 65 67 68 80 81 82 84 94 95 97 99
2 5 9 10 12 13 14 15 16 17 19 20 23 24 26 27 29 30 31 32 35 37 39 40 42 43 44 45 46 47 48 51 54 55 58 60 62 63 67 70 72 74 75 76 80 88 93 94 96 98
4 5 16 20 22 23 25 30 55 56 64 88 90 94 95 99 100
2 3 4 5 6 11 14 18 19 22 26 27 28 29 34 35 39 41 44 46 48 49 53 60 62 63 66 68 72 73 81 83 86 96 100
4 6 7 10 13 17 19 28 29 32 39 42 45 46 48 50 52 55 56 69 73 79 81 88 89 97 99 100
5 7 12 17 19 23 34 37 40 45 52 54 55 58 60 62 65 74 92 98
7 8 10 20 24 25 30 34 35 43 45 59 61 69 74 91 96 97 98
1 2 4 7 8 9 12 14 15 17 20 22 23 25 26 28 29 30 31 35 36 37 38 39 41 44 47 49 50 51 56 57 59 62 63 64 66 68 69 71 78 83 84 86 87 100
2 9 11 18 20 26 31 56 63 70 85 99
1 3 6 7 8 10 11 12 13 14 15 16 18 22 26 28 30 33 34 38 40 42 43 47 48 49 53 54 57 58 60 62 63 66 67 71 73 76 79 82 89 90 100
1 3 5 7 9 10 15 16 17 18 20 22 23 25 26 30 31 32 33 34 38 40 43 45 47 48 51 53 58 59 62 63 64 66 68 73 76 77 78 89 90 91 95 98 99
1 2 4 5 7 10 18 20 36 37 40 41 52 54 55 57 59 63 70
1 3 5 7 9 10 11 17 21 29 30 36 37 38 41 43 45 46 48 50 51 54 66 67 75 76 77 81 82 91 92 93
1 3 7 17 22 24 26 30 31 39 42 44 46 56 65 73 76 100
1 2 3 5 6 7 8 11 12 13 14 15 17 19 22 23 24 25 26 27 28 31 40 41 44 48 50 52 57 58 60 63 66 68 69 74 75 77 78 81 84 88 90 91 92 94 96 99
4 5 6 7 9 11 13 15 22 25 28 30 32 33 36 37 41 50 54 58 63 64 84 98 99
7 14 17 19 24 34 36 41 58 61 63 66 67 81 95 96
1 7 10 11 13 14 15 17 20 21 25 26 29 32 35 37 41 43 44 45 48 49 53 57 59 60 62 65 66 68 75 76 79 82 83 87 90 95 99 100
1 2 5 7 9 13 16 22 29 42 43 64 65 70 78
1 7 9 10 12 14 15 18 20 23 25 28 30 31 32 37 39 41 47 48 58 61 64 66 68 73 80 84 88 90 96 100
2 3 9 11 13 14 15 18 22 24 25 27 28 30 39 41 44 46 48 49 51 52 53 56 59 68 70 73 74 78 80 81 84 98
9 15 17 18 19 20 21 22 24 33 37 39 41 45 46 48 51 54 62 65 70 71 73 75 76 78 100
1 6 10 13 17 21 27 30 35 36 72 73 76 81 85 93
4 5 6 7 9 10 13 14 15 17 19 20 24 26 27 28 29 32 33 34 41 46 47 51 52 53 56 57 59 64 67 68 69 73 77 78 79 80 81 82 83 84 85 88 91 94 95 96 99
2 3 6 8 10 11 14 15 16 19 21 23 24 27 29 30 32 36 37 39 42 43 46 48 51 52 54 56 57 59 62 67 68 69 70 72 73 74 75 76 77 79 80 81 88 89 93
3 4 7 8 13 14 15 16 18 24 27 30 34 36 37 41 42 43 44 45 48 49 51 52 53 59 67 72 75 82 90 99 100
4 8 12 13 18 19 20 22 23 25 35 36 39 42 53 57 60 64 69 72 73 74 83 88 91
1 3 5 9 14 16 18 23 24 27 29 30 33 34 39 40 48 53 60 65 66 69 74 78 80 90 97 100
2 4 5 9 11 12 14 18 19 20 22 24 27 30 34 36 40 42 43 46 48 52 55 56 57 58 59 63 64 68 75 79 80 81 85 93 96 97 100
12 15 16 23 30 34 36 37 38 43 45 46 49 54 62 67 74 81 92 95 97
3 5 6 8 14 15 19 20 23 28 34 41 42 43 50 56 62 64 65 68 81 91 93 95 98 99 100
4 14 15 16 17 19 20 21 23 27 29 32 35 36 38 39 48 51 54 70 71
1 2 5 6 12 13 29 30 31 32 34 36 37 41 43 46 52 70 83 85 90 92 93 96 100
1 3 4 6 7 8 10 13 14 15 18 20 21 22 26 28 30 31 33 34 35 36 37 38 39 42 44 45 46 47 48 50 51 53 54 56 57 60 63 64 71 75 79 81 83 86 90 97
2 3 5 8 10 11 13 16 17 18 19 20 26 27 34 36 38 40 42 43 46 47 48 52 53 65 69 70 73 89 91 99 100
1 2 5 6 17 18 19 22 23 28 29 33 40 41 45 47 52 54 56 57 59 60 66 67 68 69 71 72 75 80 82 85 92 98
6 7 8 13 17 21 28 33 34 35 44 45 51 54 56 62 67 72 77 83 85 86 90 91 100
5 12 13 25 28 32 36 37 41 45 51 52 53 63 76 78 84 92 98 99
2 7 11 13 15 16 18 20 25 28 29 30 37 38 46 48 53
3 6 7 10 12 14 15 20 21 28 31 33 34 35 38 39 40 41 43 46 51 52 59 71 83 88 95 98
1 2 4 5 8 10 12 13 14 16 17 18 19 20 22 23 24 26 27 30 34 36 39 40 42 44 48 50 52 55 56 60 63 65 67 69 71 79 84 86 87 89 91 92 97
1 2 3 5 6 7 8 9 13 14 16 17 21 23 24 26 28 29 30 36 37 39 40 41 45 46 49 51 53 54 55 57 58 60 63 67 72 73 78 79 81 83 84 85 87 92 94 99
1 2 3 4 6 7 9 10 11 13 14 15 17 18 19 22 24 26 28 29 31 32 33 34 35 38 41 45 47 48 49 51 52 53 54 55 56 62 63 64 67 71 80 82 86 88 90 91 92 98
2 4 6 9 39 41 42 65 67 71 74 76 96
2 4 6 7 14 16 22 23 26 28 32 34 41 49 51 55 58 62 64 68 71 72 75 81 82 85 89 98
2 3 6 8 10 11 14 16 19 22 23 24 26 27 28 29 30 32 33 34 35 39 40 41 43 45 48 54 56 59 60 63 64 65 67 69 71 72 77 82 85 89 91
1 2 3 5 6 7 9 10 11 12 14 15 18 19 23 24 26 27 29 31 34 35 37 39 44 47 48 50 51 53 56 57 59 60 61 65 68 70 75 76 78 79 86 88 89 91 94 95 97
1 2 3 4 11 17 18 20 21 22 27 31 32 43 45 46 49 52 57 69 70 72 78 80 83 92 95 97 98
3 5 6 7 8 9 11 12 13 14 15 17 18 23 25 28 34 35 36 37 38 41 44 45 46 47 50 54 55 56 61 66 68 76 81 82 85 86 87 88 91 94 98
1 2 5 11 12 14 15 18 22 33 38 41 43 44 47 50 52 63 64 70 74 82 83 89 94
1 3 4 10 11 12 15 16 17 21 27 33 37 42 44 50 55 56 61 73 74 83 87 93 95 98
1 3 6 7 11 13 14 15 17 18 19 20 22 24 25 26 27 29 30 31 33 34 36 38 41 42 49 51 53 55 56 63 64 65 68 69 71 72 74 77 80 84 86 91 93 94 95 98 100
1 3 8 10 18 19 28 29 53 60 65 68 74 75 95
13 27 28 29 35 36 46 61 63 65 69 90 92 94 97 98
3 7 8 9 11 13 14 15 16 21 22 23 24 25 28 29 32 35 37 39 40 44 46 47 48 53 54 56 60 61 62 63 64 65 66 75 77 82 83 85 91 93 99
1 3 5 8 11 14 16 17 18 19 24 26 29 35 36 39 42 50 55 59 63 67 74 75 78 79 87 88 91 92 94 98
2 4 6 7 11 15 16 18 20 21 22 25 27 31 36 38 43 45 51 53 56 57 69 72 89 94 96
1 4 6 7 10 12 13 15 16 17 18 20 25 28 31 32 34 38 42 44 46 48 49 55 56 66 67 73 78 81 83 88 91
1 2 5 7 8 10 13 14 16 18 21 23 25 27 28 30 38 39 41 45 48 51 52 57 59 61 62 64 67 71 72 76 79 80 85 87 90 91 100
1 3 4 8 13 17 20 26 30 32 46 50 58 60 71 74 77 79 84 86 92 98 100
1 11 12 24 33 35 38 40 53 56 59 70 78 91
3 6 8 9 11 12 18 26 30 35 37 38 41 47 48 51 79 89 93
3 4 5 6 7 8 9 10 11 12 14 15 16 17 19 20 21 25 27 28 30 34 37 41 46 47 48 50 51 55 58 59 61 63 64 66 67 77 88 90 95 96 97
2 8 9 11 13 20 22 25 31 33 34 36 37 38 39 40 45 46 49 51 53 55 61 63 70 71 74 81 85 86 88 94 95 96 100
3 7 12 14 16 17 19 23 29 30 36 42 45 50 51 60 63 64 66 75 81
6 8 17 18 20 22 24 25 31 32 35 36 39 40 41 44 50 51 55 56 63 64 65 71 79 81 83 87 93 95 97
2 5 6 7 11 16 17 19 20 21 26 28 29 32 35 36 37 38 40 41 43 44 46 50 52 53 55 57 59 60 64 79 80 83 86 88 91 92 98 99 100
2 5 7 11 16 18 19 23 25 28 33 36 43 59 60 61 62 65 68 73 75 76 79 92
5 9 10 13 14 16 19 20 21 22 24 27 29 32 35 36 52 61 62 64 69 72 75 82 83 85 100
2 8 9 34 38 39 43 59 72 86 89 94
1 2 5 6 7 8 12 13 16 17 19 20 22 24 25 33 37 38 39 40 43 46 47 48 49 55 56 62 63 72 75 99
5 8 16 20 21 26 36 45 46 59 92
5 14 15 17 18 25 28 29 33 36 38 48 51 70 73 88 94
2 3 4 6 7 8 9 13 17 20 21 22 25 26 27 28 29 31 38 40 41 42 48 50 54 60 64 69 70 71 74 76 84 87 89 90 94 100
11 12 13 15 17 20 21 22 27 30 38 41 46 49 51 66 69 80 96
4 6 7 9 17 22 34 36 44 48 53 56 61 69 72 80 85 91 97
3 5 7 10 13 15 16 17 18 19 20 21 25 29 31 34 36 40 41 42 43 45 50 52 53 59 63 66 70 73 74 77 79 83 91 94 96 98 100
1 2 3 6 8 9 10 11 12 13 19 20 22 23 24 25 27 28 35 36 37 40 42 44 48 50 51 53 57 58 61 62 63 79 85 86 91 92 93 94 95
1 2 3 4 6 8 9 13 15 16 17 20 22 25 30 31 32 34 35 36 40 41 44 45 46 51 53 54 58 59 62 66 67 69 71 72 79 81 83 84 88 89 91 94 95 96
1 3 5 6 11 12 14 15 16 19 21 24 28 29 33 34 37 38 39 42 46 47 50 55 57 64 65 72 75 83 85 88 89 92 95 96
3 4 5 6 10 13 14 15 16 19 22 24 25 27 28 30 33 34 39 40 41 42 43 45 46 50 52 53 64 65 68 76 80 83 84 88 93 94 99 100
1 4 5 8 9 10 13 14 17 18 25 29 33 36 38 48 50 53 54 55 64 72 75 79 82 84 85 88 90 92
2 11 12 14 15 26 27 35 38 40 50 87
1 6 8 10 13 15 17 20 24 26 29 30 32 33 37 39 41 43 46 49 51 52 57 60 63 68 70 72 73 74 75 77 80 81 82 87 89 97 98 100
1 2 4 12 15 20 23 26 27 28 31 39 45 52 53 56 58 60 68 71 79 80 83 91 94
2 5 7 8 17 19 20 21 22 24 27 29 30 35 37 39 40 46 53 55 57 66 71 82 93 94 100
5 6 12 16 18 19 21 23 27 29 30 35 37 39 43 49 50 55 57 61 67 73 76 87 88 89 92 96
2 4 5 7 9 11 16 17 20 23 25 30 31 33 34 35 36 37 39 40 41 42 43 45 46 51 54 55 56 60 62 63 66 68 72 74 76 83 86 87 92 97
3 4 7 8 10 12 16 18 19 20 21 22 27 29 30 35 40 45 46 47 52 55 59 60 61 63 67 68 69 70 71 74 77 78 79 81 84 88 93 96 97 98
8 10 12 13 32 49 52 63 72 73 76 93 96
1 4 5 12 13 15 16 26 28 29 34 38 40 48 49 54 55 59 62 64 65 71 74 79 80 82 86 88 100
1 6 7 10 11 12 14 15 16 17 20 22 24 26 27 28 30 31 33 40 42 43 45 46 49 52 53 54 56 57 58 59 60 62 64 67 71 74 75 78 84 87
4 11 13 16 19 20 26 30 32 34 35 36 37 43 47 49 58 63 74 77 78 80 88 91 97
7 11 27 36 37 40 54 55 69 75 86 100
2 3 4 5 8 9 10 12 13 14 15 16 20 23 25 27 28 32 33 34 35 36 38 40 41 43 45 47 48 49 50 52 54 59 60 62 63 64 73 74 82 88 92 93 96 100
6 9 18 19 21 25 26 32 43 44 45 79 88 93
7 9 10 13 24 28 39 67 75 97 100
3 4 6 7 8 9 12 13 15 16 17 19 20 21 23 24 25 26 29 32 34 36 37 39 40 41 42 43 44 45 46 49 56 61 62 63 65 67 70 71 72 73 76 77 83 89 97 99
4 5 6 7 9 10 11 14 18 19 21 25 30 31 36 39 45 53 55 56 57 60 82 89 95
1 4 5 6 7 9 10 11 12 13 15 17 18 19 20 22 23 24 26 27 29 30 31 32 34 35 36 38 40 41 45 54 55 58 59 60 62 65 68 69 75 81 83 84 89 91 93 95 97 98
3 4 6 10 11 12 14 16 17 18 20 22 24 25 26 28 30 31 34 36 37 39 41 43 44 46 48 51 54 56 58 59 60 62 63 66 67 68 72 74 77 80 84 85 86 93 95 98
2 3 9 18 27 28 32 37 42 46 55 61 65 68 81 95
2 3 4 7 8 10 11 12 15 16 19 20 21 23 24 25 26 29 31 35 36 37 42 45 48 49 57 58 59 60 67 69 70 71 73 74 75 78 80 83 86 90 96 100
1 5 6 7 8 12 13 14 16 19 20 23 25 27 29 30 34 37 38 39 43 45 47 50 52 54 60 61 63 68 69 70 72 73 75 81 84 85 88 90 91 94 99
2 6 8 11 12 16 20 22 24 26 27 28 40 47 50 53 55 61 64 70 75 77 87 88 97
1 3 5 7 8 9 15 18 19 20 25 26 27 28 29 33 34 37 39 43 47 48 49 51 53 54 55 58 59 61 63 65 66 72 75 78 82 83 85 91 92 94 95 98 99
4 9 10 12 16 17 18 22 24 31 35 36 41 42 47 49 52 53 57 59 62 64 71 73 87 97 99
19 20 21 24 32 35 36 38 41 42 48 50 59 61 66 74 79 81
2 8 9 10 15 18 23 24 27 34 37 41 44 50 54 60 66 67 70 78 81 88 93
1 3 6 7 10 11 16 19 21 24 29 33 37 41 42 47 50 51 52 55 56 69 71 72 73 84 95 96 99
2 15 17 26 32 42 46 51 62 64 67 81
7 14 16 20 30 31 32 33 34 39 41 43 48 63 73 83 84 86 96
2 4 6 9 10 12 17 23 25 27 30 32 33 40 41 45 47 58 61 63 73 76 87 91 94 95 96
2 16 17 18 21 38 40 45 47 54 64 65 73 74 89 90
2 3 4 6 7 8 9 10 11 12 13 14 16 17 18 22 25 26 29 30 37 40 42 43 45 48 49 51 53 54 57 61 67 68 71 74 75 80 87 93 94 95
1 10 14 15 16 18 21 22 27 30 31 32 35 37 38 41 42 44 58 69 75 76 79 82 84 85 95
1 3 5 7 9 11 13 15 20 21 26 28 33 34 38 39 41 47 48 51 53 57 60 65 66 75 78 82 90
2 4 5 7 8 15 17 18 20 24 27 29 31 32 34 35 36 38 39 42 44 45 48 49 50 51 54 56 60 61 64 65 67 70 72 74 76 81 82 83 88 90 92 95 96 97
2 3 5 9 10 11 13 14 15 17 19 22 24 29 33 34 35 36 37 38 39 42 44 45 49 50 57 59 60 66 72 80 81 84 88 92 94 100
2 17 18 20 21 23 29 39 41 47 49 53 56 57 58 62 68 74 75 77 84 95 96 98
1 2 3 6 8 9 12 13 15 18 22 24 25 32 36 38 44 46 51 53 54 55 57 64 65 70 72 74 77 78 79 80 81 84 87 91 92 99
1 3 5 7 8 9 10 11 12 13 14 16 18 19 21 22 24 26 27 30 32 33 34 35 37 41 44 47 49 51 52 55 56 58 60 67 73 78 81 84 99
2 3 6 8 10 13 14 15 19 20 23 29 35 37 43 47 50 64 65 66 71 80 89 90 91
12 13 14 15 16 17 18 19 20 21 24 29 30 32 38 43 45 48 51 56 57 59 66 74 78 82 86 93 94
1 4 8 13 17 18 21 23 25 28 29 30 33 44 49 61 63 73 76 77 80 82 96 99
2 9 12 15 21 24 40 45 46 48 52 58 67 69 70 79
14 15 17 23 43 45 51 81 89 93
2 4 5 6 7 8 9 13 14 15 19 22 27 29 31 35 39 40 42 43 45 46 50 54 57 59 60 61 65 66 69 70 72 73 78 81 83 91 92 94 96
2 3 9 10 14 18 19 21 23 25 26 27 32 34 36 38 39 41 43 45 46 50 54 56 61 62 65 68 71 75 76 80 82 89
1 5 6 10 13 14 15 19 20 24 28 35 37 38 39 47 51 54 55 64 65 66 67 75 76 78 79 80 81 86 87
1 13 18 27 29 30 36 48 63 71 94
1 3 4 6 7 10 11 13 14 17 18 21 22 23 25 26 31 32 35 38 42 44 47 50 51 52 54 56 60 66 67 68 69 77 78 80 89 91 92 94 100
2 6 7 8 13 14 15 19 20 23 24 28 30 32 35 38 39 41 44 45 48 49 50 55 60 63 68 71 76 78 85 94 95 97 98
2 4 6 7 11 12 13 14 18 19 21 22 28 31 32 33 34 35 37 38 41 46 48 50 53 55 57 59 60 63 66 70 72 83 85 87 88 93 94 97 99
1 2 3 4 6 7 13 14 19 23 28 30 34 36 39 41 46 51 53 54 58 62 66 73 75 78 84 86 88 90 92 93 98 99
1 2 3 6 12 15 16 17 18 21 22 25 26 28 29 32 33 34 36 37 38 39 41 42 46 48 49 52 54 55 57 58 59 62 63 66 69 72 73 81 83 87 88 89 97
2 3 6 7 10 16 19 20 22 23 28 30 31 32 36 37 44 45 46 50 51 53 54 55 57 65 66 67 69 70 78 87 91 93 99
5 9 10 11 12 19 21 23 24 25 26 28 30 31 32 36 37 49 53 63 65 66 75 86 91 94 96 100
3 5 7 8 12 15 29 30 31 32 33 34 38 40 46 50 52 56 60 62 64 91 96
1 2 3 4 8 11 14 16 17 19 20 22 28 30 31 40 41 42 43 44 45 47 48 49 52 54 55 57 58 59 60 61 62 68 69 70 71 72 73 75 76 83 85 89 93 95 96 99 100
3 10 12 16 18 33 39 43 45 55 56 68 70 76 82 86
1 2 3 4 6 8 9 10 11 13 14 16 20 21 22 24 25 28 32 37 43 45 53 59 63 68 70 75 86 88
6 8 13 30 34 46 51 56 64 66 69 79 83
2 7 9 11 16 19 22 26 27 39 40 46 53 58 65 71 79 97
2 4 7 8 10 12 13 16 18 23 24 25 27 28 29 33 34 38 43 47 49 53 54 56 59 66 85 86 88 92
3 4 7 10 11 14 22 34 37 39 40 48 49 50 51 53 57 58 60 63 65 74 77 81 84 85 86 90 95
4 5 11 24 26 30 37 45 46 48 59 63 68 69 73 77 89 90 95
2 3 4 5 8 10 11 12 18 21 23 25 27 30 32 33 35 38 40 42 43 52 53 55 56 57 63 64 67 70 73 76 79 80 81 82 85 91 93 94 96
1 2 4 5 15 17 18 21 22 28 29 32 33 36 39 47 49 51 57 59 60 64 65 67 69 70 73 81 84 88 98
1 4 6 7 8 9 13 15 16 25 26 31 35 39 41 42 50 55 56 66 68 76 82 85 88 95
2 3 5 6 8 9 11 13 15 16 17 18 20 24 27 32 33 34 38 40 46 48 57 62 67 71 72 77 90 95 99
1 2 6 7 9 10 13 16 23 24 26 27 28 31 34 37 40 44 47 48 49 51 58 62 63 67 69 71 75 76 77 78 87 89
4 6 7 8 10 11 13 14 17 20 22 35 37 41 42 44 51 53 59 60 68 70 79 99
1 2 3 4 5 7 8 9 10 11 12 14 16 19 26 27 28 30 37 38 41 43 45 48 49 51 52 53 56 59 63 69 71 74 75 77 79 81 84 86 88 95
3 7 9 10 13 14 18 19 20 21 23 24 26 27 30 31 32 35 36 37 40 41 44 51 52 54 57 60 63 64 69 71 72 74 76 77 78 83 86 87 88 90 95 98
2 3 4 5 6 7 9 10 11 12 14 15 16 18 20 25 26 28 30 31 37 39 40 41 42 43 44 46 49 53 54 61 63 65 66 68 70 73 82 87 88 89 91 93 94 95 96 98
2 3 4 5 6 10 11 12 13 14 17 19 20 31 32 34 35 37 38 39 40 42 45 48 57 64 66 71 73 75 77 81 87 91 92
1 3 4 7 8 9 11 13 14 16 18 20 21 27 29 30 32 37 39 41 44 47 49 61 66 68 75 76 81 83 87 90 95 96
1 5 6 8 9 15 22 23 24 28 29 30 32 53 57 58 64 68 71 72 83 90 93 97
1 2 4 6 11 12 14 15 17 19 20 21 27 28 31 32 33 35 42 43 44 46 48 54 55 58 59 60 62 63 65 67 72 77 78 80 81 84 87 96
2 6 9 11 24 32 47 49 59 66 83 87 92 95
2 5 6 7 8 9 10 12 13 17 18 19 20 23 24 26 28 29 31 33 35 37 38 39 43 44 45 48 50 54 58 60 63 64 71 72 73 74 81 90 91 93 94 96 97 99 100
1 2 16 31 32 37 48 51 59 80 82 85 87 90 95 98 99
1 2 3 6 7 8 12 13 14 15 16 17 18 19 20 21 22 25 26 27 31 32 33 37 39 40 41 42 46 47 48 49 50 51 52 57 58 59 63 65 67 70 72 77 81 90 94
2 3 7 9 10 13 15 16 17 18 19 20 21 22 24 25 26 29 31 33 34 35 37 42 43 45 46 51 54 55 56 61 62 69 71 76 77 80 83 85 86 96 98 99 100
10 15 16 18 47 52 58 59 60 61 62 75 84 91
6 10 11 19 20 35 36 38 43 47 48 54 55 58 60 65 70 72 75 97
1 2 5 6 10 11 23 24 26 27 28 29 32 33 40 46 49 50 51 53 54 62 64 72 75 77 78 80 83 85 86 87 90
2 3 5 7 8 13 15 17 24 27 28 34 36 37 42 46 47 48 52 53 54 58 60 67 68 69 76 81 82 94 97 99
3 4 5 7 10 11 14 16 20 24 28 29 30 32 33 34 35 36 37 40 41 42 43 45 46 48 51 53 55 58 59 60 62 63 64 67 70 74 75 79 82 86 88 90 94 95
3 8 12 13 18 19 21 22 25 26 27 28 29 30 33 35 39 40 41 42 45 46 47 49 50 51 52 54 56 57 61 66 71 73 74 77 82 83 86 89 96 100
3 4 8 9 14 16 18 32 34 35 36 41 60 67 72 76 78 84 88 95 98
2 4 5 6 8 9 10 14 15 16 18 22 30 35 39 41 45 47 48 49 51 54 56 60 61 63 67 71 72 79 80 82 92 93 94 95 96 99 100
5 12 15 23 26 28 32 33 34 39 65 71 76
1 2 3 4 5 6 7 8 9 11 12 13 14 16 17 19 21 22 23 24 27 30 32 33 34 35 36 39 43 46 47 49 50 52 54 57 58 61 63 70 76 79 80 81 83 84 93 98 99 100
2 3 4 6 7 14 19 20 21 22 23 25 26 27 31 34 36 37 40 42 43 45 47 52 53 54 55 56 63 66 73 75 77 86 93
2 3 4 10 15 18 19 22 26 27 38 47 51 52 61 62 64 67 68 75 77
1 2 3 4 5 6 8 11 12 13 14 15 16 17 18 19 20 22 24 29 31 32 33 35 36 37 40 41 44 48 49 53 54 56 59 61 65 67 68 73 75 77 78 81 82 83 90 98
1 5 7 8 9 12 15 16 19 23 30 31 32 34 40 41 42 44 45 47 48 49 51 53 56 59 63 67 70 71 89 94 95
1 2 10 11 12 14 17 32 37 42 50 62 65 81 87
3 4 8 9 12 13 18 19 24 29 34 35 36 37 39 41 48 51 53 59 61 78 79 82 92
1 2 3 5 6 7 9 10 11 13 15 16 19 21 22 26 29 31 32 33 39 43 45 46 47 48 51 52 55 56 58 60 65 68 69 71 75 76 79 84 88 91 93 94
2 3 10 33 34 37 51 54 59 82 86
11 21 31 33 39 43 50 57 61 72 95
1 3 7 9 10 15 17 19 23 25 26 30 31 33 38 39 43 46 55 57 62 68 70 74 75 78 79 87
1 4 8 10 17 22 23 25 26 30 33 34 36 37 38 45 47 49 50 51 53 55 59 67 69 70 71 72 78 85 87 90 91 92 98
16 20 24 32 34 35 58 82 86 100
1 5 6 11 12 17 18 23 31 40 41 48 50 55 56 57 60 63 73 76 80 90 92 99
3 4 5 6 9 10 11 12 13 17 18 20 21 22 25 26 27 28 29 30 31 32 33 34 36 37 40 41 42 44 46 50 51 52 58 59 61 63 65 68 70 71 75 78 85 89 91 92 95 97
6 9 11 12 13 14 17 18 22 27 28 29 31 34 35 37 41 43 44 45 49 50 51 52 53 54 56 57 58 59 61 63 65 66 67 70 75 77 88 89 92 95 97 99
1 4 10 12 15 16 18 20 21 25 27 28 30 32 36 40 44 45 49 51 52 53 56 59 65 66 69 75 77 82 86 88 89 91 99
3 6 9 11 13 14 19 22 25 26 27 29 31 32 33 36 38 40 41 44 45 47 51 52 65 66 69 70 74 75 80 81 82 98 99
1 6 8 9 10 11 15 16 20 26 36 41 42 44 48 50 51 52 56 58 59 60 62 67 70 71 72 82 92 96 99
4 5 6 12 13 15 17 19 22 27 34 35 39 41 42 43 49 55 57 64 67 74 81 83 87 89 91 100
1 2 3 4 5 6 7 8 11 13 14 17 18 20 22 23 28 29 30 31 32 33 34 36 42 45 47 48 52 53 55 57 58 62 64 67 71 78 79 80 83 85 91 92 94 96 97 98
1 4 5 7 8 17 19 20 22 23 26 28 29 34 37 51 55 61 64 81 82 89 90 93 94 99
1 4 7 9 11 13 15 16 22 23 24 26 29 31 33 36 42 43 46 47 48 53 67 71 86 92 98
5 8 10 11 19 21 22 28 29 39 40 48 67 83 85
6 16 18 20 35 47 49 54 78 90 92 96
1 4 6 12 16 20 23 26 27 35 38 44 47 49 55 56 58 66 67 81 90 99 100
3 4 5 6 7 11 12 16 18 19 23 25 26 30 31 33 34 36 37 43 44 47 53 54 55 60 61 65 67 76 82 85 94 96 97
1 5 9 12 13 14 19 21 22 24 27 28 29 30 32 36 37 39 40 48 51 57 64 68 73 74 79 81 82 86 90 97
5 7 10 13 14 15 16 18 22 23 24 25 26 27 28 32 33 34 35 42 43 45 51 54 55 66 69 71 73 80 96 99
1 5 7 10 19 21 22 25 29 30 31 32 34 38 43 47 48 52 62 66 70 77 79 84 86 87 90 95 96 100
1 11 17 19 22 28 31 33 35 36 38 54 62 74 96
1 4 5 6 8 11 17 20 28 30 31 34 42 44 54 56 59 66 74 85 86 88 90 92 95
2 3 4 7 10 12 13 15 17 20 22 24 26 27 29 33 35 40 43 44 46 50 51 57 59 62 67 69 70 72 76 77 79 80 84 90 95 98
1 3 5 8 9 12 15 16 17 18 21 23 25 27 29 31 32 33 34 35 36 37 38 40 49 50 51 55 78 79 80 83 85 90 92 95 98
2 3 7 10 13 14 15 16 17 19 20 21 24 25 28 29 30 31 33 35 37 38 43 45 47 49 53 55 56 58 60 61 62 64 71 72 76 86 89 92 94
1 3 4 5 6 7 11 12 14 15 16 19 20 21 24 27 28 31 33 34 37 44 46 49 53 55 57 58 59 60 61 66 68 70 71 72 75 79 82 84 85 86 87 88 94 95 97 98
1 4 5 7 15 19 22 29 31 41 45 48 58 89 92
2 3 5 8 12 16 20 21 22 23 25 27 30 35 36 44 47 50 52 57 62 68 73 76 77 85 88 94
1 4 5 6 8 9 10 11 12 13 17 19 21 22 23 24 25 28 30 34 36 38 41 42 43 45 46 48 49 50 51 56 58 60 61 65 66 67 69 72 76 79 84 85 88 99
4 10 14 17 22 24 25 33 45 54 60 63 69 80 83 85 95 98
1 2 3 4 5 7 8 9 10 11 14 16 19 24 26 27 30 33 36 37 38 39 41 44 45 48 49 50 53 58 59 61 62 67 75 76 79 82 83 86 87 90 95 97 98 99
7 10 11 16 17 23 24 25 26 27 28 29 31 37 42 44 51 57 65 66 76 78 86 87 97
5 6 10 11 12 14 18 19 22 23 24 26 28 29 30 32 35 36 39 40 41 50 51 53 54 55 58 62 64 68 69 72 79 82 91 92
1 2 3 5 6 8 10 12 13 15 16 17 19 20 21 25 26 28 30 31 32 41 47 48 51 57 60 62 64 67 68 69 70 71 73 74 77 78 79 80 84 86 87 88 90 92 94 98 100
2 7 12 14 22 24 26 27 32 33 34 38 47 50 51 57 58 70 71 78 88 90 92 99
5 7 16 18 22 23 26 38 44 45 49 51 52 59 64 68 74 83 84 86 88 89 93 94 96
1 3 4 5 6 10 15 16 17 19 21 26 27 29 33 34 35 41 43 45 47 49 55 57 60 61 63 68 71 76 78 80 83 88 92 93 94 97
9 14 20 50 58 59 62 73 87 97 99
9 17 33 38 41 42 46 55 60 61 63
1 4 9 15 16 26 27 28 46 60 83
1 2 3 5 8 9 12 13 14 17 18 20 29 33 34 36 37 38 39 42 43 44 46 47 51 53 55 58 66 69 72 84 87 89 94 96
1 2 7 8 9 14 16 17 18 21 22 23 24 26 30 31 33 34 35 40 45 47 51 53 57 58 60 64 65 77 79 81 86 89 90 93 94 97 99
1 2 3 4 6 7 13 14 15 17 18 22 27 28 29 31 32 33 36 42 47 48 50 52 53 54 57 58 59 65 66 74 76 78 87 89 96 98
4 8 10 11 15 18 25 30 32 35 47 59 60 64 70 75 77 90 96 99
1 4 6 9 10 11 13 14 15 18 19 20 22 25 27 28 30 32 35 36 37 39 42 43 49 51 52 53 57 61 64 68 72 76 77 78 81 85 86 88 89 91 93 94 95 96 97 99
1 2 5 8 11 13 14 16 18 19 20 21 24 27 29 31 32 34 35 38 42 47 54 56 63 70 72 73 77 83 85 88 91 92 93 95 96 100
1 5 9 12 13 17 18 22 23 24 25 27 29 32 35 36 38 39 41 46 49 52 57 60 61 62 63 65 66 75 78 79 84 93 95
1 3 4 6 7 9 10 11 12 14 15 16 18 21 23 24 25 26 28 32 34 35 45 46 55 57 62 63 64 65 66 69 71 79 84 88 95 96
1 2 5 6 8 11 13 14 16 17 18 21 24 28 34 35 38 39 41 43 47 50 51 53 55 57 61 63 64 65 66 67 69 80 81 82 83 84 86 90 91 95 96 97
2 3 4 5 6 7 9 10 11 13 16 20 23 24 25 26 32 33 34 35 39 43 44 45 46 49 50 51 54 56 69 85 86 95
2 3 6 7 8 10 12 18 19 20 27 28 29 30 31 33 39 42 47 49 50 52 54 55 58 59 63 64 67 68 70 73 74 76 77 78 82 92 98
1 2 3 4 5 6 7 8 9 10 11 12 13 15 17 19 20 21 22 23 24 25 26 27 32 34 36 39 44 47 49 50 52 54 55 57 58 60 64 65 67 75 78 83 86 88 89 90 98
2 10 12 14 15 16 18 31 32 33 35 36 40 42 43 44 46 50 52 55 73 77 80 84 92 97
2 3 16 26 45 50 51 60 68 94 98
2 5 9 10 17 29 32 37 55 73
1 3 4 6 8 9 16 17 18 19 20 22 26 29 30 32 33 36 39 40 42 44 45 50 51 55 56 57 69 71 73 74 75 77 79 85 86 88 89 90 100
6 12 14 15 17 18 33 49 53 73 84 85 91
4 5 7 11 14 29 34 39 40 44 45 48 49 52 56 59 62 63 69 71 72 78 83 91 94 98
1 2 3 4 5 6 7 9 11 12 13 15 16 19 20 21 22 23 25 26 29 32 33 34 39 41 42 48 49 53 55 57 59 65 66 71 73 77 79 82 90 92 94 97
1 3 6 7 9 10 11 12 13 14 15 18 19 20 21 23 26 28 30 31 32 33 34 35 36 38 40 42 44 46 47 48 50 54 56 60 62 66 67 72 77 81 84 86 87 92 94 97 98 100
3 4 5 7 8 10 11 15 17 21 22 27 28 30 33 41 43 45 47 50 51 52 53 54 59 62 64 68 70 75 76 88 96 97 98
5 9 12 15 16 20 22 25 28 31 33 34 35 37 40 41 44 47 56 58 66 76 95 98
3 5 9 13 32 38 43 56 57 64 65 70 72 84 97 99
4 7 8 10 12 13 14 16 17 18 20 21 25 30 32 36 43 46 49 50 52 55 56 57 63 65 69 74 80 87 92 94 96
3 6 7 8 12 18 19 36 37 40 41 42 49 52 54 56 62 63 67 70 78 83
3 5 10 11 20 25 38 39 55 69 71
6 14 25 26 37 43 45 51 66 73
1 4 10 13 17 21 22 23 24 25 31 34 35 38 39 40 43 55 56 61 63 67 72 76 79 86 90 93 96 97 100
7 8 10 11 12 13 14 16 18 19 20 22 25 26 28 30 31 32 33 34 36 42 43 47 53 55 56 59 60 61 64 65 70 73 74 77 79 83 84 86 91 92 94 97 98
1 3 5 7 9 12 13 15 16 18 22 26 27 28 29 31 32 33 37 38 39 40 43 44 53 54 61 62 67 71 75 77 86 88 90 91 93 97
1 2 3 5 12 15 17 18 27 28 30 32 33 34 35 38 44 46 47 52 57 61 64 66 73 84 90 91 94 97 98
1 4 5 8 11 13 14 15 16 17 20 22 25 27 30 31 33 37 40 48 50 52 53 55 58 59 61 65 66 68 72 74 75 79 88 92 94 96
3 5 6 10 13 15 20 21 23 24 28 29 31 32 37 41 42 47 48 53 55 60 61 65 66 68 74 77 84 86 87 88 90 95 99
4 7 11 13 14 15 16 21 23 24 26 30 31 34 36 38 40 43 45 48 49 51 62 74 75 78 88 89 96
2 3 4 6 8 9 14 15 18 21 25 26 27 28 29 31 32 33 36 37 39 40 41 45 47 54 57 59 61 62 65 67 72 73 74 78 79 85 87 88 90 92 93 95
1 2 3 4 5 6 8 9 12 13 16 17 18 21 22 24 25 26 27 28 30 31 33 41 43 44 48 50 53 56 57 58 59 63 66 68 76 78 79 80 83 85 91 92 94 95 96 99 100
1 2 3 4 5 11 14 17 18 19 24 25 28 29 31 32 34 35 38 41 48 50 53 54 58 60 64 66 68 71 74 75 76 77 79 82 84 91 92 100
1 6 11 12 13 15 22 27 29 30 33 37 38 40 41 42 45 47 48 53 57 58 64 80 88 89 90 93 99
1 6 7 9 10 12 13 15 18 19 20 24 25 26 30 31 32 34 35 39 43 50 52 53 57 61 62 64 69 75 80 82 83 87 90 91 94 95 96
1 2 7 8 10 12 14 17 25 27 31 34 35 36 38 43 47 48 49 55 62 64 65 67 70 71 72 75 76 83 84 88 90 92 96 97 98
1 2 3 4 5 6 7 8 11 12 14 15 19 23 24 28 33 36 38 39 40 42 47 49 50 55 56 58 61 64 65 66 67 70 71 77 79 80 81 89 90 91 92 93 95 96
1 4 5 10 11 12 13 14 15 16 18 20 21 27 31 39 41 43 44 48 50 51 52 54 58 60 61 64 71 78 82 85 87 89 90 95
9 11 16 25 26 30 32 45 49 57 71 72 75 97
1 2 7 8 11 16 22 26 28 32 41 43 47 54 62 71 77 85 88 90 94 97 98
1 2 3 4 6 8 9 10 11 13 16 17 19 21 26 27 28 29 33 34 35 38 42 46 49 53 54 55 56 57 59 61 63 64 68 72 75 76 79 81 85 86 87 90 99
1 4 8 10 11 12 14 15 19 23 24 25 27 34 35 36 37 38 39 46 47 48 49 54 57 59 64 65 67 71 73 78 81 84 86 92 98
1 2 4 5 7 9 10 11 12 14 16 18 19 21 22 27 28 30 31 32 34 35 36 40 42 45 46 47 48 49 50 51 52 53 56 58 60 63 64 66 71 72 73 74 80 88 95 98 99 100
4 8 15 17 19 24 27 34 37 44 75 79 89
4 6 8 10 11 12 13 14 15 17 19 22 29 30 32 36 37 39 44 45 46 51 52 57 59 60 61 63 64 66 68 70 71 76 79 86 87 88 98
1 3 4 6 7 10 11 12 14 15 18 21 22 23 24 25 26 27 30 32 33 34 38 40 41 42 46 48 50 55 63 64 65 66 67 68 69 70 74 77 86 88 90 91 92 93 97 98
1 6 9 10 13 16 17 18 19 20 21 22 23 25 27 28 29 30 31 32 33 35 39 40 41 43 50 51 52 55 57 61 62 68 72 73 75 76 78 84 85 91 92 98 99
3 4 5 6 8 9 10 11 13 15 17 18 23 24 26 30 31 34 35 37 38 41 43 44 45 48 51 52 53 54 62 69 72 73 77 80 81 84 86 88 89 90 91 96 100
5 25 26 27 28 30 34 38 41 42 45 69 74 89 92 94 100
2 4 6 7 9 10 11 12 14 16 17 22 23 29 30 31 34 37 39 40 41 42 43 44 45 46 47 48 51 53 54 56 63 64 65 71 76 77 78 83 84 85 86 89 91 95 98
1 9 14 18 35 41 49 51 55 56 63 82 83 87
8 11 20 31 54 64 66 67 69 70 75 78
1 2 3 4 6 7 8 10 11 12 13 14 17 18 24 26 27 28 34 36 37 40 44 45 46 49 51 52 53 54 57 64 68 80
1 2 3 4 6 7 10 11 12 13 16 18 19 21 22 24 25 28 31 32 34 37 38 41 42 46 47 50 53 54 55 57 60 67 69 70 71 73 78 79 82 91 93 96 100
12 13 20 22 30 37 47 48 73 93 98
2 5 7 8 9 10 12 13 14 15 18 19 22 24 26 27 29 30 31 33 34 39 40 42 43 47 48 50 51 52 59 60 61 63 66 67 68 71 72 80 82 84 85 86 89 91 100
4 8 15 16 22 24 27 28 29 30 32 36 38 41 46 52 58 71 73 82 86 90 92 93
9 10 20 24 26 30 31 37 39 40 42 43 45 53 57 59 64 69 71 74 96
1 7 14 18 30 32 34 42 58 64 85
2 6 11 14 15 16 17 18 20 30 32 38 40 42 48 52 53 58 62 72 74 85 90
2 6 9 10 11 12 14 15 16 17 18 19 20 21 23 26 27 29 31 33 34 35 37 39 40 45 46 48 49 50 56 59 60 63 65 66 68 72 74 81 83 85 86 87 90 91 98
1 2 3 7 9 16 17 18 21 22 28 34 37 40 42 45 54 55 58 59 64 65 73 75 76 82 91 96
3 7 8 9 10 11 14 18 19 23 28 32 33 35 39 42 44 46 47 49 52 53 54 63 67 70 83 90
3 4 6 8 11 13 14 16 17 20 23 24 25 27 31 33 35 36 38 47 48 54 56 57 58 63 64 70 73 76 80 81 87 95
14 21 23 33 42 51 70 76 78 82 83
2 3 4 5 6 11 14 15 16 17 18 19 20 23 24 35 40 42 43 44 45 48 50 51 52 54 57 62 64 65 66 69 72 76 79 86 89 91 93 96
6 11 14 16 17 20 21 24 28 29 36 40 41 47 49 52 66 72 78 79 80 81 85 93 98
1 3 4 6 7 8 9 10 11 13 14 15 16 17 18 23 25 28 30 35 41 44 46 49 53 57 58 59 60 63 64 65 67 68 72 74 77 78 79 81 82 83 89 94 97 98
3 5 8 13 14 15 21 26 27 28 29 30 34 35 36 41 42 49 50 53 58 60 62 66 75 78 79 81 83 88 89 99
1 2 4 7 10 11 13 15 19 24 28 29 33 37 38 42 43 44 45 46 50 53 60 61 76 85 87 89 93 96
1 4 8 9 11 12 14 17 20 21 25 26 28 31 32 38 39 40 42 44 49 52 55 58 60 64 74 76 81 84 86 87 90 97
2 3 5 6 9 11 15 17 18 19 25 27 31 32 37 38 39 40 42 43 52 54 58 60 69 82 87 92 96
3 4 7 8 9 10 12 15 16 18 20 21 23 24 26 27 30 38 40 41 52 53 54 55 58 59 60 62 65 66 68 78 79 81 83 84 86 91 93 98 99
2 3 4 13 17 30 32 34 38 44 48 53 65 68 74 77 81 83 93 97
1 3 4 5 10 16 18 19 21 22 23 24 25 26 30 31 32 33 36 37 38 43 44 46 48 49 51 56 58 59 65 67 74 75 76 78 86
2 7 8 9 10 11 12 24 29 38 40 42 44 45 48 56 68 82 83 84
1 6 8 11 12 13 18 19 27 31 33 42 44 50 57 60 61 62 65 66 74
3 9 13 15 19 23 24 25 29 31 32 34 35 37 38 39 42 46 49 50 52 53 54 60 66 69 72 83 88 91 94 95 99
8 20 23 24 27 28 35 36 39 49 58 60 63 66 75 77 96 97 99
1 2 6 12 15 18 20 21 23 27 29 31 39 41 44 45 55 57 60 61 65 71 73 75 81 83 87 89 90 99
4 5 11 14 17 18 19 21 22 24 26 27 29 33 36 44 45 48 50 55 57 60 64 65 66 67 68 74 78 79 86 95 99
3 4 5 7 8 9 11 12 13 15 16 17 18 19 20 21 23 31 36 38 40 41 43 48 50 52 54 58 59 61 62 64 66 67 69 70 71 72 74 76 78 80 81 83 89 91 96 98 100
2 5 7 10 13 15 17 22 24 25 27 29 31 35 36 43 54 63 75 76 78 86 87 88 90 93 98
2 4 5 6 11 13 17 19 24 29 35 36 41 44 46 54 59 61 63 73 87 89 98
1 3 6 7 8 10 13 15 16 17 19 21 22 24 25 26 29 31 34 35 38 40 44 45 46 48 49 50 54 55 61 62 65 70 73 77 80 85 93
3 8 10 26 27 38 53 58 60 63 65 86
8 11 21 22 23 32 73 82 88 96
7 10 14 21 23 31 35 36 39 48 57 62 65
1 2 3 4 5 11 13 14 15 16 17 20 22 23 27 29 31 32 38 40 42 43 45 46 47 48 52 53 57 58 59 60 65 66 75 77 78 82 85 88 95 97
5 7 9 10 13 17 24 28 29 36 40 41 42 56 60 71 78 83
3 4 7 11 12 13 16 19 23 25 26 27 32 37 38 42 43 45 46 49 51 52 68 72 74 76 81 82 93 98 100
3 6 7 12 13 15 17 19 20 22 29 33 37 39 41 53 55 61 68 73 74 75 78 80 85 88 89 90 93 96
2 3 5 6 13 14 19 21 22 24 29 40 42 47 51 52 58 71 74 79 81 85 100
1 2 3 4 5 7 8 11 12 13 14 18 20 25 26 28 32 36 39 46 48 52 62 65 67 73 81 82 83 84 86 90 93
3 4 6 7 11 12 13 16 18 21 29 30 35 38 39 41 52 55 56 57 66 67 68 69 70 73 82 84 85 86 89 90 91 96 98
3 5 7 9 11 14 15 16 18 19 22 23 32 34 47 48 49 51 60 62 65 74 81 86 92
3 5 6 23 24 25 27 29 31 33 39 42 43 44 45 49 53 56 57 58 62 64 65 68 69 76 78 79 82 87 89 92 95
5 10 12 13 15 16 19 22 25 28 29 37 39 42 44 46 49 51 52 66 68 70 78 90 92 93 94 96
2 6 7 9 10 11 13 17 19 20 22 25 26 28 34 35 36 38 43 44 45 46 49 51 52 53 54 55 58 59 61 72 74 75 88 89 94 99
1 8 9 10 13 16 19 32 35 36 39 41 46 48 51 56 71 75 78
1 6 9 12 16 18 19 21 28 35 36 39 43 49 52 59 66 72 73 87
30 32 33 39 43 45 47 55 65 67 74 95
1 3 4 7 8 9 10 11 12 13 16 17 21 31 36 37 41 43 44 45 46 52 54 57 60 62 63 64 67 68 70 71 80 83 88 92 93 94 95 99 100
5 11 19 30 34 47 62 63 69 75 81
2 5 6 7 8 9 10 12 13 15 17 20 21 23 24 27 28 29 30 31 33 37 39 41 42 43 44 45 46 48 53 54 56 60 64 66 68 73 75 82 84 87 93 95
6 10 16 18 19 20 26 35 36 37 43 48 52 59 66 79 85 93 94
6 8 11 15 19 20 24 31 33 36 37 39 42 46 55 59 67 68 69 73 74 82 83 97 98 100
6 7 9 10 15 16 17 18 19 28 29 35 39 50 53 62 63 64 65 66 80 93 97
2 8 9 10 11 12 13 18 19 20 23 25 30 32 33 34 35 39 40 41 45 47 48 50 59 63 65 66 68 69 74 75 77 80 81 83 85 88 90 97
1 2 3 10 12 14 15 17 19 20 25 32 33 34 35 41 44 46 52 54 56 58 59 60 67 73 77 83 92 93 98
1 2 7 12 13 14 17 18 19 21 22 24 26 27 31 33 34 37 42 49 51 59 61 63 65 67 70 72 79 84 87 93 95 98 100
1 2 3 4 5 8 9 10 11 13 14 15 16 18 22 25 26 30 31 33 34 37 39 40 46 48 49 51 52 53 54 56 57 58 62 70 73 76 78 79 89 91 96 99
1 6 8 11 14 16 22 23 27 31 32 33 35 39 40 51 55 56 58 60 61 64 66 68 69 80 81 82 94 99
1 3 5 6 7 11 16 18 22 28 33 35 36 40 41 44 45 46 51 56 60 64 72 85 90 92 96 97 99
2 3 4 5 6 7 11 13 14 15 16 22 29 32 43 44 45 46 48 49 51 52 55 56 58 59 60 62 63 64 65 69 72 73 77 78 79 80 82 86 90 92 94 97
1 4 5 7 8 13 15 18 19 22 25 28 29 31 33 36 38 40 41 42 43 45 46 47 49 52 59 61 64 65 68 71 78 82 83 86 88 89 90 91 94
8 9 10 26 34 39 40 41 44 57 60 65 70 77 86 87 97
1 2 5 6 9 11 12 15 16 20 24 25 26 31 32 34 39 45 60 62 63 64 65 69 75 79 84 87 92 93
10 25 26 33 34 36 39 43 44 51 64 66 68 82 93
1 2 4 12 29 32 34 43 52 55 56
3 5 7 10 11 13 18 22 24 25 29 37 44 45 46 53 58 60 61 64 66 85 86 95
3 6 7 8 10 12 14 16 20 21 22 25 26 28 30 33 34 35 39 40 54 55 57 60 66 78 81 82 89 90
1 3 4 5 6 9 12 16 28 37 44 48 55 84
1 2 3 4 7 9 10 11 12 13 16 18 19 20 28 29 32 34 35 44 45 46 48 49 50 52 54 55 56 58 63 67 69 73 75 77 83 85 88 89 90 91 92 94 96 98
3 10 11 13 14 29 30 31 35 37 40 47 49 54 59 62 80 81 86 89 94
14 15 20 22 23 24 30 32 34 37 45 47 48 49 53 58 68 72 74 84 87 98
1 2 3 4 5 6 8 10 12 13 18 19 21 24 25 27 28 33 35 36 38 39 45 46 47 53 54 55 56 57 58 61 65 66 67 70 72 75 81 86 92 93 95 97
1 18 20 25 27 29 37 47 52 56 61 88 95 97
1 3 4 5 6 7 8 9 10 11 12 16 18 19 21 22 23 25 26 28 29 32 34 37 38 39 40 41 42 44 46 47 52 54 55 56 57 58 60 62 64 67 72 76 78 79 81 83
2 3 4 10 11 19 21 25 26 27 28 35 41 48 51 54 57 62 70 71 72 84
1 3 4 7 8 10 11 12 14 15 16 17 20 21 23 24 27 30 34 39 40 50 51 59 60 63 68 69 71 72 74 79 81 88 92 93 98 99
3 7 12 19 20 21 22 25 27 28 29 32 36 39 47 50 54 56 70 73 75 84 96 100
2 11 15 16 17 22 24 38 39 41 43 47 52 70 71 76 84 90 94
1 5 10 11 15 16 17 20 22 34 35 38 39 42 48 54 59 60 62 72 78 92
2 6 9 10 11 12 13 15 18 19 20 24 25 26 27 28 29 32 33 35 37 41 44 46 50 52 53 55 56 58 59 62 64 65 66 69 72 76 77 84 85 89 92 95 97 98
1 2 3 18 26 28 31 43 47 50 71 79
1 2 4 6 7 9 10 13 14 15 16 17 20 21 23 24 28 30 31 35 39 40 41 42 43 49 50 51 52 61 68 70 72 73 75 77 79 84 85 88 90 91 97 98 99 100
1 3 7 9 10 11 15 26 33 41 43 45 47 48 56 57 62 64 69 77 80 83 89 94 100
1 2 3 4 5 8 9 11 13 16 18 19 22 24 26 27 28 31 36 39 41 42 44 45 48 52 53 55 57 59 61 64 67 71 74 78 81 87 93 94 98
1 2 3 8 9 10 12 15 17 18 19 20 22 26 29 31 34 36 38 46 47 51 53 55 68 79 87 89 90 95
1 2 5 10 12 16 21 22 23 25 27 33 41 45 53 55 58 59 60 61 62 64 70 77 79 83 91 92 100
1 4 9 15 16 17 25 26 28 31 35 42 46 48 52 54 55 58 59 65 67 68 69 74 76 88 89 93 97
1 2 3 4 6 8 9 11 13 14 15 17 18 19 21 22 25 28 29 30 31 33 34 35 37 41 42 43 45 46 50 51 52 58 63 64 68 69 71 80 81 82 84 90 94 96 97 98 100
1 4 6 11 12 13 14 17 19 20 21 24 25 27 29 30 33 34 36 39 44 45 46 49 50 51 59 61 63 64 65 76 85 87 95 99
2 5 6 10 11 12 16 17 26 29 31 33 34 37 45 49 51 53 55 56 60 62 63 67 68 78 88 95 97 99
2 6 11 13 14 15 17 19 20 22 23 24 27 29 30 31 34 37 40 41 42 43 44 45 48 49 52 54 55 56 57 60 61 63 65 67 68 70 71 75 78 80 81 86 87 88 90 100
1 4 7 10 23 24 28 31 36 37 48 49 55 57 76 79 95
1 4 6 7 8 9 10 12 13 15 16 17 18 20 23 24 27 31 32 34 35 36 38 40 43 46 48 52 58 63 64 69 71 81 82 83 87 88 89 91 92 94 97 100
3 4 11 25 26 27 29 38 41 45 46 50 53 57 60 62 68 69 70 78 100
8 14 20 24 26 41 56 66 73 99
2 4 7 8 11 12 14 15 17 18 19 23 31 32 34 35 36 38 40 44 48 50 52 55 56 62 66 70 73 80 87 88 89 90 91 98
1 10 13 20 27 31 34 44 54 69 90
1 2 3 6 9 10 12 16 19 24 25 26 27 32 45 46 49 50 52 55 56 67 72 82 88 91
2 5 8 12 14 15 19 21 23 29 34 40 41 44 45 48 49 56 58 59 61 69 74 75 88
1 7 8 10 13 14 21 28 29 31 32 33 34 35 37 39 40 41 42 43 44 48 49 50 59 60 61 63 71 72 73 75 77 81 92 95
4 7 8 9 12 14 16 19 20 23 24 27 28 29 30 31 32 33 38 39 43 49 50 60 74 77 81 83 85 94 99
1 2 3 6 7 11 12 15 17 19 22 23 25 26 32 34 35 36 38 39 41 44 45 48 50 52 55 57 58 61 63 73 74 79 81 83 84 91 92 94 99
1 8 11 12 18 27 35 41 43 44 45 66 68 69 72 80 96
2 3 7 12 15 18 19 24 30 34 44 46 47 50 53 54 59 62 63 67 79 81 87 94 97
1 2 3 5 6 7 10 12 14 15 16 17 18 19 20 21 22 25 28 29 32 34 35 36 37 38 41 42 43 51 52 55 56 58 63 67 72 73 79 81 83 85 86 94
1 2 4 5 6 7 8 10 11 12 15 16 20 22 25 27 28 29 31 32 33 36 40 44 45 46 48 49 50 56 57 58 59 60 65 66 69 73 77 78 79 81 89
3 4 5 11 14 15 16 17 24 25 26 27 29 30 35 41 44 46 53 54 55 60 61 64 66 71 76 80 97 99
1 3 7 8 10 13 16 17 19 27 34 37 43 47 53 56 57 80 82 86 98
1 2 4 13 16 19 21 22 23 29 30 34 42 43 53 55 57 58 59 60 61 70 75 81 90 91
5 10 13 16 20 24 32 33 53 70 89 96
3 6 8 9 16 29 56 65 71 79 83 86 90
10 12 18 20 24 26 37 47 48 49 50 55 57 69 72 73 74 76 86 89 91 92 93 100
1 4 6 12 16 19 23 31 35 47 64 75 79 82 91 95
1 4 5 9 10 13 14 15 16 17 18 21 22 23 25 27 30 33 39 40 41 43 44 46 49 53 60 62 64 71 75 77 80 83 86 93 96 97
1 2 5 9 14 17 18 20 21 26 30 35 36 37 39 57 58 69 72 74 84 86 89 93
1 5 6 7 9 10 15 16 22 24 26 27 30 31 34 37 38 39 40 41 42 46 50 53 61 62 70 71 73 76 79 86 95 98
1 4 7 12 13 14 15 22 27 29 42 46 51 52 56 57 67 69 80 86 89 92 93
4 5 8 11 12 13 14 15 16 17 18 22 25 26 28 29 30 32 37 42 43 44 45 46 48 50 52 54 59 60 61 65 67 69 74 76 77 80 91 92 97 100
4 6 8 10 12 13 15 16 17 19 22 28 29 32 40 41 42 46 47 53 54 61 63 64 66 75 77 80 89 91
1 3 4 5 6 9 10 11 13 14 17 22 23 30 31 33 39 40 41 46 47 51 57 59 63 64 67 74 81 82 84 90 93 96 98 99
7 12 15 20 24 43 48 54 59 79 91
3 6 10 11 14 15 16 17 18 19 24 27 28 32 35 37 43 45 54 62 70 71 76 78 83 85 97
1 3 4 6 7 8 13 17 18 29 30 33 39 42 43 45 49 50 52 66 75 81 93
3 7 11 12 14 17 22 23 33 35 38 39 41 45 47 54 60 61 62 77 82 84 89
1 3 4 5 7 8 9 11 13 16 18 19 20 21 22 23 28 29 30 31 34 35 36 37 41 43 44 45 47 49 54 55 56 59 64 65 67 70 73 75 89 90 91
1 2 4 6 9 14 21 23 26 28 35 37 40 42 44 47 49 54 55 61 85 87 91
1 4 5 6 8 9 10 11 12 13 17 22 24 25 28 29 32 34 35 37 44 45 46 50 51 52 53 54 56 57 58 60 64 69 70 72 73 75 76 77 78 84 92 94
2 6 7 24 32 38 43 60 62 80 95
1 4 5 7 8 10 11 12 15 18 19 23 25 27 32 33 35 36 37 38 42 43 44 45 46 48 52 54 55 56 57 58 59 60 64 65 66 71 74 85 87 88 89 91 92 96
5 6 8 13 18 21 25 49 77 90 94
2 18 27 32 38 39 40 71 83 89
1 2 5 10 11 14 19 22 26 28 33 39 43 44 46 53 55 58 61 70 76 81 87 89 91
1 2 3 4 5 8 10 14 15 17 19 20 22 23 26 28 33 34 38 39 41 44 50 51 53 56 57 60 62 71 74 76 80 88 90 91 92
1 3 5 6 7 11 13 16 17 18 19 20 21 24 28 29 34 40 46 48 49 53 58 62 65 68 69 70 77 82 86 88 97 100
3 4 5 12 20 23 25 29 32 34 36 38 41 44 46 48 50 57 58 64 74 78 88 99
1 2 4 9 10 11 14 15 16 19 21 23 24 25 27 30 31 33 34 35 41 44 45 49 51 54 61 69 71 73 77 85 86 89 92
19 30 40 44 48 69 75 92 95 98
1 2 3 6 9 10 11 13 15 16 17 20 21 22 23 24 25 26 27 29 31 32 33 36 37 39 40 43 49 52 53 55 62 63 65 69 72 76 78 81 87 89 91 93 95 97 98 99
1 6 7 9 13 16 23 26 27 28 33 35 41 47 50 51 52 58 61 63 71 75 77 79 81 83 84 85 94 99 100
2 4 15 20 26 29 31 32 51 54 57 58 59 63 64 65 70 87
3 13 16 24 28 29 30 37 54 59 64 77 83
4 10 11 17 19 22 26 36 37 38 42 48 51 53 55 56 57 60 71 75 79 80 82 87 94
2 7 15 16 20 25 32 35 36 37 42 47 69 74 81 86 87 94 97
2 4 5 6 7 8 13 15 16 19 20 22 23 24 30 31 32 34 35 36 37 38 40 41 43 44 47 51 53 54 59 63 68 74 76 79 81 88 93 97 100
4 9 16 29 37 47 52 53 58 68 82 84 90 96
1 4 6 8 9 20 22 30 31 36 47 51 58 63 78 79 87
1 3 5 6 9 10 11 12 13 14 16 17 20 21 23 28 29 30 32 34 35 36 38 40 42 44 46 47 50 51 52 57 58 62 63 65 67 71 73 76 77 79 80 82 87 88 89 90 92 99
3 4 8 9 10 13 18 24 28 30 34 35 42 47 52 55 56 57 59 61 66 70 73 78 79 88 94 95
3 7 12 13 14 16 17 23 24 25 26 27 29 30 32 33 34 35 36 37 44 48 49 50 51 52 53 54 57 58 66 67 73 82 91 99
2 4 5 8 10 13 16 17 20 24 26 28 35 42 43 46 48 49 51 52 53 65 68 71 79 85 86 99
2 3 4 5 8 12 13 20 21 22 27 29 32 33 41 42 44 49 50 54 55 56 57 59 62 77 78 85 86 88 94 98
2 3 8 9 14 20 32 42 45 50 52 53 55 61 64 67 69 74 93
1 2 3 4 6 7 8 10 11 12 13 14 15 20 26 28 32 37 38 39 41 45 46 48 52 53 55 62 65 67 71 76 81 83 89 93 96 99
1 2 6 7 9 12 13 16 21 29 30 31 32 33 36 50 51 57 59 64 67 69 76 81 87 90 91 92 94 97 100
9 12 13 14 27 46 47 50 52 67 73 99
9 10 13 30 38 49 52 57 71 75 76 83 98
3 5 6 7 8 9 13 16 19 21 24 26 29 30 35 37 39 40 42 44 45 46 47 51 56 58 59 62 64 65 73 78 80 88 91 92 94 100
3 4 5 6 7 8 9 10 11 12 13 14 15 19 21 22 25 29 35 39 43 46 48 50 52 53 56 59 61 62 65 66 67 68 72 73 74 75 76 77 79 81 83 85 89 91 99
2 5 6 7 10 11 13 15 16 17 18 19 20 21 22 24 27 29 30 31 34 35 37 43 45 49 51 53 55 59 62 63 65 67 68 70 72 76 77 78 81 83 84 85 86 93 95 96 97
1 2 3 4 7 8 11 12 14 15 25 29 30 31 34 38 39 42 43 47 58 59 75 76 81 87 93 95
1 2 3 4 9 12 14 17 18 24 25 27 48 53 55 59 78 93
1 2 4 6 11 12 14 17 19 21 27 28 29 30 32 33 35 36 38 42 43 44 45 47 49 52 53 61 62 67 69 73 74 76 80 86 92 96
1 2 6 8 11 15 17 20 25 26 31 34 42 55 57 67 70 71 73 74 75 83 88 94 96
2 3 4 5 6 10 11 12 14 21 24 25 26 27 30 31 32 34 36 40 42 44 45 47 48 50 51 53 54 56 57 58 60 64 68 80 89 93 94 95 96
1 3 4 6 10 11 13 15 16 18 22 23 25 27 28 29 30 31 32 34 36 37 39 40 41 42 46 47 51 57 60 62 66 71 74 79 80 81 83 85 89 90 91 96 100
4 5 6 7 9 11 12 15 17 19 20 21 22 23 26 27 28 29 33 35 37 42 47 52 54 55 59 61 63 65 67 69 72 73 82 87 88 89 91 95
3 5 6 8 10 14 16 17 19 26 27 28 29 31 34 35 39 40 41 42 52 54 55 57 58 63 71 73 78 86 91 94 98
4 6 7 8 12 14 16 20 23 24 28 29 30 34 35 36 41 47 48 49 50 51 53 68 81 88 89 90 91
2 3 5 7 10 13 15 17 18 19 20 23 28 29 30 33 35 40 41 43 44 46 47 48 50 52 56 66 68 70 73 74 76 78 79 86 87 89 90 91 93 94 95 97 100
3 6 7 10 13 15 20 21 24 25 29 33 35 36 39 43 44 45 47 49 51 53 54 55 68 69 71 73 74 75 78 81 86 87 98
1 6 7 8 9 10 11 12 14 15 20 22 23 24 27 28 31 33 34 36 37 38 39 40 42 43 44 45 50 57 58 64 65 66 68 71 75 76 77 78 80 82 84 88 95 96
1 5 6 8 9 15 16 19 24 25 26 28 34 36 48 52 53 54 55 60 61 64 65 66 68 69 74 75 76 79 81 84 86 89 91 92 94 95 100
2 3 6 9 10 14 17 19 25 34 35 38 41 50 53 54 55 58 59 64 68 69 76 78 79 89 90 93 95
2 3 6 7 8 9 14 16 17 20 21 22 23 26 27 29 31 33 34 35 39 40 41 42 43 44 45 51 54 56 57 60 61 63 67 69 71 74 75 76 77 78 82 85 89 90 94 96 97 100
3 5 7 10 11 12 15 16 18 24 25 27 29 30 31 34 38 39 41 43 44 49 52 54 56 57 60 67 68 70 71 73 76 87 88 93 97 99
11 17 25 30 31 36 40 48 50 55 86 98
1 6 10 11 16 19 21 26 27 29 34 42 46 55 74 79 82 95
6 12 13 17 22 27 30 31 37 43 44 50 55 57 72
2 3 6 17 18 21 22 28 33 44 49 62 64 74 75 79 80
9 11 13 18 22 23 26 27 28 30 36 40 43 44 47 64 74 80 93 94
2 4 6 7 12 17 18 20 21 28 34 41 42 47 56 63 65 75 79 85 87 88 90
1 5 7 9 10 11 13 14 15 16 18 22 24 25 26 27 28 33 35 36 38 43 47 51 52 56 57 58 60 61 62 64 67 69 71 77 80 81 87 88 92 93 99
5 7 8 16 19 22 23 28 34 35 37 41 53 55 57 68 72 74 75 77 79 81 85 95 98
2 3 6 11 12 15 36 45 49 51 55 57 59 62 63 72 77 80 83 90 91 94 98
3 4 9 13 14 22 27 34 37 39 41 42 48 57 62 66 72 74 80 86 87 88
3 9 10 13 14 19 23 30 32 34 36 41 44 45 47 50 54 56 59 60 66 71 81 82 86 87 91
1 2 3 4 5 6 9 12 13 14 16 17 18 19 24 26 27 30 31 35 36 37 41 42 45 47 53 54 56 58 59 61 62 63 64 65 66 68 69 72 74 75 83 85 87 88 89 95 97 98
1 2 7 8 11 12 13 14 16 17 21 23 25 26 28 30 31 36 37 39 41 42 43 45 50 54 56 60 61 67 69 78 82 83 91 96
2 3 4 6 7 8 9 10 13 16 17 19 23 25 26 27 28 30 31 34 36 37 39 41 43 47 48 49 50 52 53 56 57 59 60 61 71 72 76 77 79 81 87 88 91 92 95 97 100
5 13 14 22 23 26 35 48 51 52 60 61 74 86
1 4 7 12 16 31 34 44 46 47 51 71 80 85 89
1 2 4 5 6 7 8 11 14 17 18 19 20 23 25 29 32 33 34 38 39 42 44 45 47 55 56 57 58 65 70 72 79 84 88 92 94 99
4 6 7 8 9 12 14 15 18 22 25 27 28 29 33 34 35 37 38 41 43 44 48 68 74 75 80 83 85 87 92
1 2 3 4 5 6 12 14 18 20 21 22 23 24 25 26 27 30 31 32 33 34 35 49 54 55 57 59 61 63 66 68 70 71 72 74 75 76 85 97 98
5 6 7 9 12 13 14 17 21 27 30 31 32 34 35 37 40 41 43 44 46 57 59 60 64 65 67 70 75 76 80 89 91 93 96 99
7 15 17 21 24 34 35 37 41 44 50 55 76 82 86 88 89
1 2 5 6 11 14 15 16 18 19 23 29 30 35 36 38 39 41 46 47 49 53 55 61 71 72 82 83 85 92 95
3 4 7 20 23 31 32 35 36 40 42 45 46 49 51 52 56 57 59 63 70 73 75 82 87 98
1 2 6 8 10 21 27 29 33 36 37 40 48 49 51 52 55 56 58 63 66 76 77 82 85 89 92 95 98
1 3 4 6 7 8 9 10 11 14 15 16 17 18 19 20 21 23 24 28 31 32 33 35 39 42 43 44 45 47 48 51 55 59 61 63 66 75 78 81 84 87 90 92 95 98
1 2 3 4 6 7 8 10 11 12 14 15 16 17 20 21 23 24 25 26 30 31 32 33 34 35 37 39 42 43 48 50 52 54 57 58 64 69 70 71 73 74 75 78 85 91 92 95 100
1 2 4 6 7 9 12 13 14 16 17 19 20 27 28 29 33 35 36 39 42 43 46 48 51 54 56 68 71 72 78 83 85 88 91 99
2 3 4 5 7 8 11 12 13 16 17 24 25 28 29 31 33 34 35 39 42 43 44 46 52 57 62 63 64 65 80 85 86 89 93 95 98 100
1 3 5 6 7 8 11 13 18 21 28 30 32 34 37 38 41 42 49 54 55 57 60 65 69 71 73 74 81 82 83 87 90 92 93 95 97 98 100
2 3 6 12 13 14 17 21 25 26 27 28 29 30 31 33 35 36 40 43 44 49 51 52 55 56 58 60 61 65 67 69 73 74 75 78 86 96 98 99
1 3 10 14 15 18 19 23 25 27 28 29 30 31 40 41 45 48 51 52 55 57 58 60 62 65 68 71 72 80 90 92 96
5 6 7 9 10 12 13 16 18 21 26 28 29 33 34 40 44 45 46 47 48 49 53 55 64 66 75 83 85 88 96
2 4 7 9 10 13 15 16 17 20 23 25 26 27 33 40 41 42 43 49 54 58 59 64 72 74 78 80 82 87 92 98 100
1 2 11 15 20 24 29 47 54 56 58 61 63 64 66 69 70 75 76 80 81 89 90 95 100
1 5 6 8 9 10 16 18 24 26 28 30 31 33 34 36 39 45 46 47 48 50 60 64 72 82 85 88 89 92 94 95
5 8 9 10 15 19 42 45 50 52 54 63 65 66 68 80 83 92 93
3 7 8 16 27 28 33 34 59 67 68 72 83
1 5 6 7 8 14 18 19 20 27 34 39 40 42 44 49 56 66 68 70 73 75 79 81 84 88 89 92 93 97 100
3 4 5 8 9 10 11 12 13 17 19 20 24 29 31 32 33 36 38 39 40 41 44 49 51 53 55 56 58 59 60 61 66 67 73 77 86 89 90 93 94
2 3 6 8 11 12 13 20 22 24 25 28 30 31 32 36 40 41 44 50 51 52 61 62 69 70 71 78 82 88 91 99
1 2 4 7 8 10 11 13 14 17 18 20 21 22 24 25 29 30 31 32 34 35 37 38 39 43 45 51 52 54 56 57 58 59 60 67 68 69 71 77 80 84 85 95 98
2 5 6 8 10 12 13 14 15 17 25 26 29 30 32 33 35 36 40 42 44 52 61 62 71 78 81 82 88 92 100
2 4 6 19 22 24 25 28 29 32 35 38 39 40 45 53 58 60 63 65 67 70 78 79 81 83 84
10 16 18 34 38 44 48 49 50 65 68 81 84 85 95
1 2 4 7 9 10 16 17 23 28 32 33 37 39 42 44 47 48 51 53 54 57 59 61 63 75 77 81 86 89 92 94 100
3 5 6 9 11 12 19 22 24 28 29 34 36 37 38 47 51 52 67 69 75 77 78 79 81 83 84 89 92 96 100
1 2 3 4 5 7 8 9 10 11 12 16 18 20 23 24 30 33 34 36 38 43 46 47 48 49 52 54 56 57 58 59 60 61 64 65 73 74 75 76 85 86 87 89 90 98
4 9 15 18 20 22 25 27 29 32 34 47 66 82 87 88 92
4 9 10 11 12 15 17 23 29 31 33 44 48 56 69 73 76 90 94 96
1 5 7 8 13 15 21 22 24 26 27 33 34 38 39 41 49 52 55 57 61 67 70 74 76 90 93 95 98 99
1 3 4 7 8 11 12 13 14 17 20 21 23 27 29 30 32 33 36 37 39 40 41 48 51 52 53 57 60 67 69 72 73 74 75 82 89 91 93 96
3 4 6 7 8 10 16 20 23 24 25 31 35 40 41 46 56 57 63 66 67 68 72 81 86 89 90 93 95 97 98
3 7 8 10 11 17 19 24 25 27 29 31 34 41 44 46 49 52 53 54 58 69 71 72 77 78 79 83 87
2 6 7 9 10 13 14 21 23 25 30 32 35 48 51 56 57 58 66 74 81 96
2 3 4 5 7 9 12 13 17 18 19 20 22 23 26 28 29 30 32 36 38 40 41 45 47 52 55 59 60 65 71 75 76 78 82 88 89 90 93 95 96 97 100
2 3 4 7 9 10 11 12 14 15 17 19 21 22 23 24 25 26 28 31 33 36 37 40 43 49 50 53 55 56 58 59 62 67 69 71 72 75 76 78 79 85 87 91 92 96 100
3 5 11 21 22 24 27 45 69 71 85
2 4 6 7 8 15 16 24 39 41 42 48 49 60 65 68 71 72 80 91 92 93 100
1 2 3 4 7 10 11 12 13 14 17 18 21 23 24 25 27 29 33 35 36 39 40 43 46 48 51 52 54 56 58 59 61 65 66 72 74 75 80 83 84 87 89 90 91 94 98 99 100
1 3 4 9 20 23 27 32 36 38 41 44 47 49 51 65 69 71 80 82 100
3 7 8 17 25 51 53 54 57 67 75 77 78
2 5 6 8 9 12 14 16 19 20 23 24 25 26 31 32 33 36 42 43 52 59 61 62 63 68 69 70 81 84 87 88 90 91
1 2 3 4 5 6 13 14 15 16 17 19 22 23 24 26 28 29 31 36 37 38 42 44 45 49 50 54 56 60 63 65 66 68 74 76 80 81 86 88 92 96
2 4 5 7 10 11 12 13 14 18 19 22 23 26 27 29 36 38 43 44 45 47 52 55 58 59 60 64 75 80 83 94 99
2 3 4 7 8 12 13 14 15 19 21 23 25 27 28 30 31 34 35 37 38 39 40 46 47 48 49 50 51 53 56 60 64 68 69 72 74 76 77 79 82 83 84 86 88 97 100
15 22 50 64 66 67 75 85 91 95
6 16 17 27 29 36 46 48 60 63 67 73 74 76 82 92
2 4 6 10 11 13 14 15 17 18 20 21 23 25 26 27 29 31 37 39 41 45 46 48 49 50 51 52 53 54 57 60 64 66 70 73 78 79 86 90 96 97 99
1 5 6 9 10 12 13 14 15 16 17 18 21 22 26 27 30 34 36 37 38 41 42 45 46 47 51 53 58 59 61 63 68 71 76 77 82 88 90 94 98 99
2 12 23 25 30 38 43 46 48 58 76
1 3 5 9 12 13 15 19 20 21 22 23 25 29 31 33 36 37 38 41 42 43 44 45 46 50 52 54 57 65 66 68 69 71 73 77 79 81 86 88 90 93 96 97 98
3 10 12 13 15 16 19 20 22 24 26 28 35 49 57 60 64 68 81 98
1 3 4 7 8 13 15 17 19 22 24 25 29 34 37 38 39 43 48 50 53 54 55 59 60 62 71 77 80 89 90 92 98
13 22 27 34 35 37 39 44 48 60 77 85 86 88
3 4 6 8 16 36 42 48 49 70 74 79 97
2 6 11 16 19 20 32 36 46 48 49 53 61 72 78 88 89 92 100
1 2 3 4 5 6 8 9 10 11 14 18 19 21 23 25 27 28 29 30 31 34 36 37 38 41 42 44 46 50 56 58 65 66 67 73 80 86
1 12 17 23 27 28 29 34 35 37 41 42 43 44 46 50 59 61 62 78 81 83 87 89
3 6 9 12 20 25 28 33 41 44 45 72 82 84 98
4 10 12 15 16 20 23 27 29 30 32 38 39 44 54 69 88 89
3 21 23 30 55 57 58 63 76 98
2 3 5 6 8 12 14 17 18 19 21 22 23 24 25 26 27 29 30 31 33 36 37 41 45 47 48 50 56 59 61 62 66 70 72 73 75 79 81 86 87 90 91 95 99
1 2 7 8 12 13 16 19 21 24 25 26 29 32 35 37 40 41 43 44 47 51 54 58 59 60 62 64 65 66 68 72 75 76 79 81 82 83 84 85 86 88 91 93 95 97
3 4 6 9 10 12 14 15 16 20 22 25 26 27 29 32 33 38 40 46 52 61 62 64 67 69 73 74 75 77 79 81 82 84 89 91 96
1 3 5 6 8 11 12 13 14 17 18 19 20 21 22 23 26 28 29 30 31 32 34 35 38 44 47 50 51 52 54 55 59 63 66 69 71 73 78 80 83 84 85 94 95 97 100
3 5 6 9 11 14 15 17 18 22 28 29 33 35 40 44 51 54 56 69 76 78 85 86
3 4 5 6 7 8 9 10 12 15 20 24 26 27 28 30 36 40 43 44 45 50 56 58 62 77 82 83 87 91 97
1 5 7 17 20 23 27 41 47 48 49 50 51 52 55 68 77 80 81 86 89 90 92 95 96
3 10 11 14 25 46 53 88 95 97
1 3 5 6 9 10 11 12 13 15 16 17 18 21 22 24 25 26 28 33 34 37 39 43 44 46 50 51 52 56 57 58 60 61 62 66 70 73 74 75 79 85 86 90 91
2 4 5 6 8 10 14 18 19 21 26 36 40 49 54 58 71 84 85 86 95 96 97 100
9 10 11 12 14 15 17 20 22 25 31 32 36 43 50 57 59 61 66 69 78 79 86 89 90 94 95 97 98 100
1 3 5 6 10 13 17 18 19 22 24 25 27 28 31 32 33 40 43 45 46 48 50 51 52 57 59 60 61 70 72 75 76 79 80 82 83 84 87 88 89 93 97 98 100
3 6 7 9 10 11 13 14 15 21 22 24 27 29 30 31 35 38 43 48 53 54 55 59 63 73 75 77 80 85
7 8 13 17 21 27 36 39 43 44 49 52 61 62 66 68 69 71 72 78 83 99
2 3 4 7 9 11 12 13 15 16 20 21 25 26 27 28 29 30 31 32 33 35 38 40 42 46 47 48 50 52 53 55 56 57 59 64 66 67 70 72 74 75 81 86 88 90 95
3 5 6 7 11 12 17 21 22 24 25 26 27 28 31 34 36 39 40 42 51 52 54 59 61 64 70 75 78 80 81 94
1 2 8 13 21 23 27 33 37 56 76 87
4 5 6 9 11 16 19 26 27 32 36 38 40 42 47 52 56 58 65 80 88 90 97
2 7 8 13 14 17 20 30 43 46 66 68 69 74 77 78 84 98
2 3 6 14 15 20 33 34 37 39 41 43 44 46 47 49 52 59 61 62 64 67 68 72 74 82 96 98
3 6 7 17 20 24 28 33 39 43 48 53 55 56 60 68 70 72 75 78 79 80 84 89 94
2 6 7 8 9 12 16 18 23 27 30 31 38 40 45 48 49 62 64 65 67 69 71 78 80 81 86 95 98
2 4 5 6 11 12 14 15 16 17 22 25 26 27 28 36 38 39 40 41 42 48 51 52 56 57 59 62 63 64 67 68 69 71 72 84 85 87 88 90 92 93
1 4 5 7 8 9 11 12 13 17 18 22 23 24 26 27 28 29 30 32 33 39 41 43 44 50 52 55 56 58 64 65 66 74 75 82 86 90 91 97
1 4 7 9 11 13 14 15 18 20 21 22 23 24 26 28 29 32 36 40 43 45 49 50 52 53 54 57 58 61 62 64 66 67 71 74 75 77 79 80 81 82 83 85 87 88 94 97 99 100
1 4 5 6 7 8 9 12 13 14 16 18 20 21 22 25 26 27 28 29 30 33 34 35 36 39 40 41 42 44 49 52 56 57 60 61 62 63 64 67 70 73 78 79 83 86 91 95 96 97
1 2 7 8 11 14 20 22 28 30 36 38 40 41 53 57 61 63 69 73 85 86 100
2 5 6 8 13 15 16 18 21 22 33 35 36 37 39 42 44 47 48 49 50 51 52 53 56 58 61 62 64 65 67 75 79 84 98
11 13 18 31 33 50 52 60 65 67 82 84 99
2 7 10 14 15 24 26 28 29 48 49 50 53 54 57 59 64 65 71 86 96 97 98
1 4 8 9 10 11 12 13 14 15 17 18 19 20 21 26 27 33 34 36 37 39 40 42 46 50 53 55 61 64 65 67 74 75 77 81 84 85 87 88 90 97
2 3 4 7 8 9 11 13 14 16 19 20 22 25 26 27 28 30 32 33 34 40 41 42 44 45 46 47 50 60 64 67 68 71 73 78 79 80 81 83 84 85 87 90 96 98 99 100
1 2 4 6 11 16 17 36 41 57 58 66 72 76 85
7 10 12 14 16 19 20 22 25 35 37 42 46 47 49 57 63 64 66 67 74 83 93 97 99
9 15 17 20 24 26 29 31 33 34 36 44 47 49 50 51 53 54 57 66 71 74 77 79 80 83 85 97
1 2 6 7 19 20 21 22 28 30 35 36 41 42 49 51 53 57 72 78 81 84 89
4 8 9 17 31 36 46 47 48 50 52 56 57 58 59 63 70 73 85 88
2 3 4 5 12 15 16 17 18 19 20 21 35 43 46 47 48 49 51 55 59 62 65 66 75 76 77 78 81 83 85 91 92 93 99 100
1 6 7 9 10 13 14 15 17 19 22 25 27 30 32 33 34 35 36 40 42 43 44 45 47 48 51 53 56 58 62 63 65 68 70 72 77 79 81 92 93 97
4 8 10 12 14 15 16 18 19 21 22 24 28 35 38 39 40 43 44 50 53 56 60 61 64 66 73 75 76 77 80 81 82 85 95 96 100
1 6 8 9 12 13 14 17 20 22 24 27 28 29 33 40 41 45 63 64 65 67 71 77 78 80 85 92 93 97
5 6 7 8 9 10 13 14 17 19 30 37 50 65 66 67 79 82 86 88 89 95 97 99
8 14 20 21 30 36 44 51 53 55 64 74 75 76 80 90 91
3 7 11 14 15 17 20 21 25 26 32 34 35 36 37 38 44 50 53 54 63 65 67 68 71 83 84 85 100
1 3 6 7 11 12 13 20 25 27 30 36 40 42 44 45 46 48 50 53 54 62 68 69 77 80 91 95 98 100
1 2 3 6 9 10 11 16 17 18 19 20 21 22 23 24 25 27 29 30 33 38 39 40 42 43 47 48 51 52 55 56 63 64 66 70 72 74 75 77 79 85 88 90 91 97 98 100
2 3 5 6 9 10 12 17 22 23 26 35 36 38 41 45 47 48 49 53 58 62 70 78 80 89 90 92 98
1 6 9 12 23 24 26 27 28 40 45 51 54 56 60 61 62 63 64 73 74 81 83 85 87 90
1 2 4 5 7 8 11 12 14 15 16 18 23 26 27 28 29 31 33 35 36 37 39 43 47 53 55 56 57 58 63 66 67 68 69 70 72 74 75 77 79 80 87 89 90 91 92 97
2 3 4 6 7 8 10 11 14 15 16 17 23 24 27 29 30 33 34 35 37 39 42 43 45 46 47 48 50 51 53 54 57 62 63 65 66 67 70 71 72 73 74 78 79 82 83 88 99
2 3 5 6 7 8 9 10 11 12 13 14 15 16 18 22 23 26 27 29 30 31 34 36 38 40 44 46 48 53 55 58 59 61 62 66 68 72 75 80 89 90 92 94 95
1 3 4 6 7 9 12 17 19 20 21 22 23 24 26 28 29 32 33 36 37 38 42 45 46 48 49 50 51 52 55 58 59 60 63 64 68 69 70 77 80 83 86 87 91 92 98 99
6 7 9 10 15 18 21 25 46 52 54 58 66 74 76 87
4 7 8 29 39 43 50 65 71 84 91
3 6 12 13 20 25 27 28 37 48 49 54 57 61 62 68 69 70 71 74 86 88 90 94
3 7 8 17 18 22 24 35 52 56 71 72 100
1 3 11 14 18 20 21 22 27 35 41 44 47 55 58 68 70 74 77 79 82 84 87 96 98 100
1 2 10 11 15 16 18 23 28 29 32 38 43 45 48 50 52 55 57 58 59 66 69 70 76 80 84 85 94 97 98
3 4 11 12 13 15 20 26 35 36 46 48 53 62 63 64 69 70 79 80 87
2 3 5 6 8 10 11 12 13 14 16 17 18 20 23 24 26 28 29 31 32 34 36 40 43 44 45 49 59 62 66 70 71 72 80 88 89 91 94 95 96
1 2 4 6 8 14 16 18 19 23 24 28 29 30 38 40 41 44 62 66 67 70 71 72 82 84 96
1 3 8 11 12 14 18 21 24 27 33 35 40 41 42 43 55 60 63 73 74 79 81 84 96
2 13 19 20 21 26 30 35 39 44 48 58 73 78 79 84 86 89 92 96 97
1 2 5 7 8 9 11 12 13 14 17 20 24 30 33 38 44 45 46 52 56 59 60 61 62 64 72 73 74 76 77 79 87 88 96 97 99
2 5 12 13 16 20 22 27 29 58 63 65 75 77 78 86 88 89
1 2 3 6 7 8 10 11 17 18 21 22 24 29 30 32 33 38 39 44 47 49 50 51 52 53 54 60 61 62 68 71 82 83 88 90 94
1 2 5 7 10 11 12 14 15 16 17 18 19 20 21 23 25 27 28 30 32 34 39 40 45 48 52 54 59 60 61 63 65 66 67 70 80 83 87 90 91 92 96 100
1 3 13 42 59 65 66 74 85 87 89
2 3 7 11 12 18 19 20 21 22 27 29 30 39 44 46 47 50 51 54 55 61 64 66 68 69 71 72 73 74 78 81 83 93 95
2 3 6 7 11 13 15 16 18 19 20 21 22 24 26 30 31 32 34 35 36 39 41 46 47 50 53 54 55 65 66 70 75 76 78 80 82 93 96
1 4 5 6 10 11 12 15 16 19 20 21 25 27 28 31 34 35 36 38 41 45 47 49 50 51 52 54 55 58 61 64 78 81 82 85 88 96
1 3 4 5 7 9 10 16 17 19 21 24 25 26 27 29 30 33 34 36 38 40 41 44 46 48 49 50 53 54 58 60 69 72 73 77 79 80 83 84 85 88 90 92 93 94 95 96 97
1 2 3 6 8 11 16 18 22 24 28 29 30 32 33 34 36 38 41 42 46 48 51 54 57 58 61 64 70 72 75 80 88 96
1 5 27 34 51 57 63 65 91 92 96 97
7 11 15 23 29 40 42 45 47 52 53 56 60 77 81 85 100
1 5 11 13 16 21 23 26 28 29 40 46 57 58 68 73 84 85 89
2 3 4 7 14 18 25 27 31 40 44 46 47 52 53 65 69 75 99
2 3 6 14 30 33 35 36 43 44 59 66 81 84 94
1 5 6 7 8 10 11 12 13 14 15 16 17 18 20 22 27 30 32 39 40 41 42 44 45 46 56 57 60 62 64 68 70 71 73 75 81 88 91 94 99
4 5 6 7 8 10 12 14 15 16 19 20 22 23 24 25 27 31 35 36 38 39 43 44 45 48 49 51 55 58 61 63 65 66 70 72 73 74 77 78 83 89 99
1 3 5 7 10 11 12 13 14 20 24 25 27 28 29 30 38 41 44 55 66 78 80 82 83 86 89 91 92 96 100
6 7 12 13 18 20 21 22 23 26 30 34 39 41 43 44 45 48 54 56 71 83 84 87 91 93 99
1 2 12 17 19 25 27 28 29 31 32 34 37 39 42 46 48 49 56 57 75 79 81 82 83 86 87 96
11 18 19 23 24 25 31 48 51 53 57 74 77 83 84 98
5 6 8 11 17 26 30 41 44 54 59 65 70 73 77 84 86 92 94 95 98
2 17 33 49 52 61 66 68 72 79 90
4 5 6 7 8 9 10 11 12 14 15 18 19 20 21 28 30 32 34 35 37 38 39 41 43 44 46 47 48 49 50 53 54 55 59 60 67 73 76 86 87
5 6 7 13 20 25 27 31 33 34 36 41 42 48 51 52 53 62 67 69 72 73 74 77 87 90 94 100
3 4 9 11 14 15 16 17 19 20 23 24 31 34 35 42 43 44 45 46 50 51 53 54 55 58 61 65 66 67 68 70 72 75 76 78 80 82 85 89 98 99
2 9 16 20 25 28 31 38 46 47 51 66 67 77 81 85 87
4 7 11 16 18 24 28 32 35 40 46 48 52 53 57 61 70 76 77 83 88 93 95 98 100
3 4 5 7 10 16 30 34 36 39 59 61 64 78 86
1 5 24 26 30 36 43 45 69 70 76 86
13 14 15 23 24 33 49 50 56 80
2 3 13 16 18 22 28 30 36 41 43 50 61 69 71 75 84
1 9 10 12 21 23 26 30 35 39 40 43 61 82 94
5 6 10 11 14 15 25 26 28 29 32 33 40 44 48 50 53 69 72 76 81 83 84 92
2 3 4 5 9 11 13 14 18 19 20 21 22 24 27 28 31 34 35 36 42 44 46 51 52 55 57 58 61 66 69 70 71 72 73 74 76 78 86 87 89 90 93 95 96 97 99 100
1 2 4 5 6 7 8 12 14 15 16 17 18 19 20 21 22 24 25 27 28 30 31 33 35 36 37 38 40 41 43 46 50 52 57 63 64 67 69 74 76 77 81 83 93 97 99 100
2 3 4 5 15 16 18 19 21 25 26 30 32 37 38 41 65 68 69 71 73 76 77 78 82 84 86 89 92 99
3 38 44 53 60 66 67 72 74 83
4 9 15 18 26 34 40 44 45 52 85
3 5 7 12 13 15 17 19 20 21 28 29 31 39 43 49 50 52 60 63 64 72 74 76 77 80 86 92
10 12 18 25 26 45 50 55 57 60 63 72 74 77 82 99
1 3 11 12 13 14 15 16 18 21 23 28 32 33 34 35 39 41 44 49 50 54 56 67 75 78 83
1 2 3 4 6 9 10 11 12 13 14 15 16 22 25 26 28 29 30 31 32 33 36 40 43 46 48 52 53 54 55 56 59 61 63 64 65 66 68 70 73 75 76 78 81 84 85 87 92
2 7 9 11 13 18 22 23 24 28 30 31 32 36 38 39 50 51 52 53 55 56 58 61 62 65 69 72 73 78 87 88 89 92 97
1 4 5 6 8 9 11 12 13 14 17 18 19 20 21 23 30 37 38 40 50 62 64 68 69 71 75 77 79 83 84 90 100
4 6 8 9 13 16 18 21 24 26 33 40 42 46 55 58 64 65 69 75 93 96 97
2 3 7 8 11 13 18 19 20 22 23 24 27 35 36 41 43 46 47 48 55 58 59 60 61 64 68 70 72 74 79 80 81 86 87 93
1 2 8 11 12 13 15 16 18 21 24 26 28 29 33 35 40 41 43 44 45 48 49 60 67 69 73 75 83 86 88 95
2 6 8 11 13 15 23 24 25 30 31 51 54 57 59 60 64 65 71 77 84
1 4 6 7 8 10 14 18 20 32 33 37 38 45 53 59 61 63 64 65 69 75 82 85 91
2 3 5 6 7 8 9 11 12 13 14 15 16 18 19 21 28 36 40 42 43 48 49 50 54 61 62 66 68 76 78 80 85 88 97 100
2 12 13 17 18 23 25 28 29 32 35 39 44 48 58 69 70 79 86 88 92
1 4 6 16 19 20 28 29 38 44 49 52 54 57 59 60 62 66 67 68 70 71 86 94 99
1 5 6 7 9 12 15 16 22 23 28 31 32 34 35 36 37 41 42 44 45 46 51 54 58 59 60 62 64 67 69 77 79 83 86 88 90 92 95 96 97
1 4 5 6 7 10 17 25 27 31 43 57 58 60 61 65 84 89 92
1 2 8 10 16 17 21 22 27 32 34 38 41 42 47 50 51 56 61 75 83
4 5 6 7 10 11 12 14 18 24 25 29 34 36 38 43 45 48 53 55 56 57 60 61 62 65 68 70 75 76 82 84 98 100
3 7 14 15 19 20 23 33 35 36 37 38 41 55 56 59 60 61 65 68 70 82 84 86 91 92
3 4 7 10 12 13 16 19 22 24 25 26 29 30 32 39 42 55 60 62 65 67 69 70 73 75 80 86 90
1 8 11 14 15 23 31 38 39 40 49 50 61 68 75 77 82 92
4 20 22 23 29 30 43 54 67 72 75 100
1 3 4 8 11 13 17 18 19 20 21 23 26 27 28 29 30 31 33 34 35 36 38 39 43 46 51 55 59 65 66 68 70 73 74 78 81 83 85 91 92 93 97 100
3 5 11 15 16 17 18 19 21 22 27 31 40 43 44 45 52 59 63 76 77 78 88 92 96 98
1 2 3 4 5 7 8 9 12 13 15 16 20 21 27 29 30 31 33 35 40 42 43 45 47 48 49 60 61 64 82 83 86 89 92 96 98
2 7 9 13 14 19 22 24 32 40 41 53 57 58 63 69 84 87 88 94
1 3 7 9 11 20 21 25 30 37 38 44 45 62 63 69 85
1 2 3 4 13 14 15 16 19 21 24 25 26 27 28 29 34 36 38 42 43 48 53 55 57 58 71 74 79 81 84 85 86 88 92 96 100
2 3 6 7 8 10 11 17 18 19 21 22 27 28 30 32 35 39 41 43 45 51 52 55 59 62 64 65 66 77 78 83 86 87 91 95
1 3 11 12 14 23 27 29 35 40 42 43 49 52 54 73
1 12 13 20 22 25 28 29 46 48 52 56 60 65 67 68 73 76 77 82 97
4 7 9 13 15 16 18 20 22 23 25 29 33 34 36 40 42 45 56 61 65 67 70 73 74 75 76 82 83 87 90 100
2 8 9 10 11 12 13 14 15 16 17 20 21 25 28 29 30 37 38 45 46 48 49 52 55 57 59 66 69 71 74 76 78 79 80 81 82 87 90 91 99
2 3 4 5 6 11 12 19 20 21 22 24 25 28 30 31 35 36 41 42 43 44 45 46 48 49 51 55 56 57 58 59 60 61 62 64 66 69 70 71 72 76 78 80 82 84 93
3 5 8 9 10 12 13 16 23 36 46 48 54 56 59 62 70 72 78 80 89 91 93 95 96
8 11 15 20 22 29 36 40 42 43 57 70 77 86 88 95 97 100
1 3 8 10 21 22 29 30 31 41 46 52 62 63 64 71 73 84 87 95 99
2 3 4 8 9 10 12 16 18 19 20 21 23 24 25 26 27 28 29 30 31 32 33 35 37 39 40 41 45 46 53 55 57 58 68 69 70 71 78 80 83 85 87 89 93 94 97
2 3 5 6 7 9 10 11 12 13 14 16 17 18 19 20 21 27 28 29 31 32 42 52 55 56 57 65 67 81 85 86 87 91
1 2 3 4 10 12 21 22 23 25 26 30 32 37 40 44 45 48 52 59 64 66 71 86 88 97
2 5 6 11 15 18 28 34 37 39 41 42 46 50 56 57 61 64 66 67 71 80 87 88 89 91
2 4 5 7 8 9 10 11 12 13 14 16 17 18 21 22 26 28 29 31 33 34 35 36 37 41 42 45 46 48 49 50 55 56 58 66 67 68 69 71 72 74 76 83 92 94 95 98
1 6 12 15 17 19 21 30 36 38 43 49 57 69 77 86 87
1 3 4 5 6 8 9 11 12 13 15 18 19 20 21 22 23 29 30 32 33 36 37 39 40 41 45 46 47 50 51 52 53 55 61 62 68 72 74 77 83 87 88 89 96 97
8 11 14 15 17 21 22 24 26 29 30 32 33 36 39 40 44 45 53 54 59 60 61 68 71 73 75 84 85 86 87 88 91 93 99
11 12 14 23 26 28 37 39 40 42 44 45 50 56 61 67 70 75 78 79 85 92 93
1 8 12 15 16 21 27 41 62 72 77 81 95 97
2 3 4 5 6 7 8 11 12 17 21 24 25 26 29 30 31 32 33 35 38 39 40 41 46 48 49 50 51 53 55 61 63 64 66 67 70 71 80 81 85 86 88 95 97
4 7 8 10 12 15 20 22 23 36 52 53 55 57 63 68 70 72 80 91 94
4 8 18 31 34 44 46 51 61 68 71
1 2 5 6 8 9 11 12 13 14 15 17 18 19 22 23 28 29 30 32 33 35 39 40 43 45 49 51 61 62 63 64 67 68 69 70 73 75 78 82 94 99
1 2 4 6 8 10 11 13 14 16 17 19 20 22 26 27 30 32 33 34 39 41 42 43 44 47 50 51 57 58 59 60 61 62 64 65 66 69 76 77 79 89 90 99
1 2 3 6 11 13 15 18 19 24 26 27 29 30 35 36 39 40 42 47 52 55 56 64 65 73 81 83 87 89
4 8 9 13 14 15 17 18 19 20 23 24 26 29 36 39 40 41 44 48 49 50 52 65 68 73 76 82 88 89 90 91
2 5 6 7 8 9 10 13 14 17 22 24 30 33 34 35 40 41 42 43 44 46 47 49 50 51 52 53 54 57 58 63 65 77 79 89 92 97 99
1 2 6 7 8 10 12 13 14 17 22 26 32 34 35 41 43 44 46 47 54 60 71 76 92 100
1 4 6 8 9 10 13 16 17 18 20 21 22 23 24 29 30 31 33 34 36 38 39 41 43 44 46 50 54 58 60 63 64 65 67 72 73 76 77 79 80 81 83 86 88 100
4 11 12 13 14 19 21 22 23 25 27 28 33 35 40 48 51 52 83 93 94
2 4 6 7 9 11 13 14 16 17 19 20 21 22 26 29 30 31 35 36 37 43 45 48 50 52 54 55 56 57 58 59 63 64 67 68 71 76 77 79 80 86 95 97
1 3 5 8 10 11 12 15 17 18 20 22 23 24 25 26 28 30 31 33 35 37 43 50 51 52 54 55 58 60 61 72 80 85 89 90 97
3 4 5 6 7 10 11 12 15 17 18 20 25 26 28 30 36 38 50 52 59 61 65 68 69 71 79 83 85 96
2 3 8 10 12 20 30 35 36 48 57 64 68 78
1 7 8 12 13 16 18 19 20 22 28 29 32 33 36 37 38 42 48 57 61 62 64 68 70 71 79 85 87 92 95 100
1 2 4 5 10 11 12 13 14 17 19 20 22 26 30 31 33 34 36 38 42 47 48 50 51 53 55 60 63 64 65 67 69 75 77 81 89 93 98
1 2 3 4 5 6 7 8 9 10 11 12 13 16 17 19 21 22 25 26 27 30 32 33 34 38 40 41 42 44 50 52 53 54 60 61 64 65 70 71 72 73 75 77 81 82 91 92 94 96
1 2 3 4 5 7 8 11 12 13 16 17 23 25 28 29 31 34 46 47 48 51 53 54 56 60 61 63 64 67 69 91
2 7 11 21 31 35 36 42 48 50 53 54 65 68 70 75 76 90 93 99
1 4 5 9 11 13 15 16 19 23 25 27 30 32 34 35 39 46 47 48 52 78 81 83 92
9 17 18 19 22 25 26 28 34 37 45 51 59 70 80 82 88
2 4 6 8 10 11 15 17 21 22 28 30 35 39 41 42 46 49 50 53 54 58 60 73 75 82 88 97
1 3 4 10 12 13 17 23 30 31 36 41 49 53 55 57 58 61 63 64 65 67 69 72 77 82 85 86 90 91 98 99 100
2 3 5 9 10 11 12 14 18 19 20 21 25 26 27 28 30 38 39 40 45 47 51 56 62 70 74 77 80 83 84 85 90 95 97
4 5 7 9 12 13 14 15 17 19 21 22 29 30 32 33 35 36 37 38 39 41 44 47 48 50 53 54 58 62 64 68 70 79 81 82 84 88 89 90 91 94 96 98
2 3 5 6 7 9 13 15 17 19 21 22 25 27 29 30 33 34 35 36 37 39 43 44 45 48 50 51 54 55 59 64 65 67 68 69 72 77 82 83 85 90 91 94 96 97 99 100
1 6 11 12 14 17 18 19 22 25 27 31 32 34 38 40 43 44 52 54 56 57 58 67 80 85 98
1 4 5 6 7 8 9 12 15 18 20 21 24 28 31 36 38 39 40 42 48 52 53 54 56 58 59 61 64 69 76 82 84 85 86 90 91 92 94 95
1 2 3 4 5 6 7 9 10 11 12 13 14 15 17 18 19 21 22 25 27 28 30 31 32 34 35 41 42 43 45 47 49 53 64 65 69 71 72 75 77 79 87 90 93 94 95 97 98
2 3 4 8 12 13 19 21 26 29 33 40 47 49 51 52 54 56 60 64 65 67 80 97
1 3 6 7 8 9 10 11 14 15 17 20 22 24 27 28 29 30 33 35 36 40 45 48 49 50 52 55 58 60 61 64 66 71 73 76 79 83 85 86 89 93 94 97 99
3 4 5 6 7 8 10 11 12 13 17 18 20 21 23 26 28 29 34 37 39 40 44 46 51 52 54 57 61 66 67 68 72 73 79 80 83 84 87 89 92 94 97
1 2 6 7 11 12 14 17 19 21 25 26 32 33 34 35 37 38 39 40 42 43 44 45 50 59 60 69 71 77 78 88 96 97 99
7 12 14 15 16 18 19 20 21 23 24 31 33 41 43 47 59 60 61 69 71 74 76 88 91 97 99
6 11 14 17 19 38 50 58 66 72 74 80 83 99
6 7 10 19 23 24 25 36 53 57 67 68 87
1 3 6 9 11 12 13 15 16 18 21 24 26 30 35 37 39 42 44 48 49 51 57 59 62 63 65 69 72 78 81 83 87 91 95 98
3 4 5 6 8 9 12 14 15 17 18 20 22 23 27 28 29 36 47 48 50 51 53 54 55 57 62 63 64 66 67 73 76 77 80 83 84 90 91 94 95 96
5 6 7 8 9 10 11 12 13 14 15 19 23 25 27 32 36 37 38 42 43 48 52 54 57 61 63 65 66 69 71 73 78 80 81 83 84 86 89 95 96 97 98
4 6 7 8 9 12 16 18 21 22 23 25 28 31 32 34 35 36 37 38 42 43 48 51 52 54 55 56 57 58 59 60 61 64 72 76 78 79 81 82 83 88 89 90 94 95 99
7 9 10 11 18 19 22 24 39 68 78 84 86 88
12 14 19 22 27 31 32 34 38 42 43 45 53 55 61 77 83 84 85 93 95
2 6 9 11 12 13 19 20 22 25 26 28 30 32 36 37 39 40 41 42 44 45 46 47 48 49 50 51 54 55 56 63 66 73 74 76 83 88 89 91 94 95 99
6 8 11 13 15 17 19 24 28 46 47 53 56 58 63 65 66 69 71 76 79 81 84 85 86 88 93 96
3 4 5 10 16 30 34 42 43 58 62 66 68 91 92 95 99 100
6 7 9 10 16 17 19 23 35 37 38 50 56 62 70 75 92 94
2 5 7 8 10 11 12 13 14 15 17 18 20 24 25 26 27 34 35 36 38 39 40 41 43 45 48 49 51 54 56 58 61 62 68 70 78 83 84 85 87 91 93 95 96
3 4 10 13 16 17 24 25 31 35 39 42 45 52 59 66 69 76 78 89 90 92 96
3 9 10 14 16 24 25 31 33 42 48 67 68 70 74 76 80 82 99
10 13 14 17 19 21 22 25 27 29 31 32 34 41 44 48 49 50 51 53 55 56 58 62 65 81 82 84 87 96
6 10 13 15 18 21 24 26 32 33 37 39 40 42 46 47 51 55 57 68 70 72 81 84 86 87 95
1 5 8 10 15 27 32 33 37 43 46 58 74 77 92 97
10 11 19 20 26 32 33 35 38 44 45 55 67 69 78 79 81 91
1 4 7 11 12 15 21 32 38 39 40 49 51 52 62 76 81 88 94
1 4 5 6 8 11 15 17 18 25 26 36 40 41 53 57 58 66 71 73 75 91 95 97
2 4 6 8 9 10 11 12 13 17 19 22 30 31 33 34 39 40 45 50 52 53 54 56 57 58 59 60 64 66 69 72 73 74 80 81 85 88 95 99
1 2 4 6 12 13 14 15 16 19 29 33 34 37 38 49 51 57 64 70 73 87 88 100
3 4 5 6 7 10 11 12 14 15 17 20 22 23 25 28 29 31 34 37 38 39 40 42 44 45 47 50 51 54 57 60 62 65 67 68 70 71 75 77 78 80 81 84 91 93 94 95 97 98
1 3 4 6 7 10 11 13 14 16 21 22 23 26 28 30 32 33 35 37 38 40 44 47 51 54 56 57 59 60 64 66 67 68 70 75 77 78 81 82 83 84 85 87 91 92 94 100
6 8 11 16 18 20 21 23 32 33 35 44 53 58 64 89
6 12 21 23 25 27 33 41 56 81 83
5 11 13 16 17 23 27 33 34 39 42 43 44 48 49 50 51 57 59 64 66 67 72 78 80 88 92
2 3 4 5 7 8 9 10 13 14 15 16 18 22 24 26 31 34 35 37 38 40 43 45 46 47 54 56 57 59 60 64 66 68 70 71 73 75 76 77 81 84 89 94 96 97 99
1 2 3 4 6 7 9 12 13 15 17 18 21 24 28 30 31 33 43 44 45 46 51 52 57 58 65 66 67 68 69 72 73 79 81 82 83 84 90 91 92 93 95 97 99 100
2 3 4 5 11 16 21 22 30 34 38 41 45 50 51 52 53 55 56 57 60 62 66 70 71 72 78 80 82 87 88 91 94 100
1 4 5 11 13 14 21 28 45 49 54 60 63 69 70 76 82 87 89 91
10 13 21 25 34 35 43 53 57 62 63 69 72 95
1 2 3 4 5 6 9 11 12 17 20 23 24 25 27 29 30 32 36 38 39 40 42 43 44 46 48 50 55 58 59 60 62 64 65 67 68 70 73 75 89 92 93 95 97 98
1 2 3 4 5 6 7 8 9 17 18 20 21 25 28 33 36 38 39 43 45 47 49 50 51 52 55 57 59 60 62 63 64 70 71 73 76 82 83 84 88 89 90 98 99 100
2 10 15 19 23 26 29 39 40 45 52 54 60 64 65 68 74 79 88 93
1 2 7 8 11 19 25 29 32 33 34 57 75 86 96
8 17 18 19 29 47 56 61 73 79 81 89 97
4 6 10 15 21 28 33 34 56 59 63 64 70 76 91 93 95 96
1 2 3 4 7 8 10 13 15 17 21 24 26 27 28 30 32 34 36 37 38 39 41 44 45 47 48 52 53 57 64 66 67 68 71 73 76 80 83 87 97 98
1 3 6 7 13 14 15 19 20 21 23 24 26 27 28 36 37 39 40 41 43 44 45 46 47 49 58 66 68 71 76 78 79 80 81 85 97
1 3 4 7 11 12 13 14 17 18 19 20 22 26 29 30 34 37 42 45 49 50 52 53 54 58 60 70 74 79 80 81 82 83 90 94 96
1 6 11 15 18 32 46 56 63 72 79 82
1 2 4 5 9 14 15 17 19 20 24 35 36 38 40 41 45 53 57 58 59 60 62 67 69 73 75 78 81 82 83 86 91 94 96 99
3 5 19 20 22 24 27 28 29 32 38 42 45 49 53 61 71 80 93 99
1 2 4 5 7 8 9 11 12 18 19 20 21 22 24 27 28 29 31 35 36 37 39 40 42 43 46 49 50 54 55 59 62 63 65 72 83 87
4 7 10 12 13 23 24 26 28 29 40 45 65 67 71 80 90 96
1 3 4 5 7 9 10 14 18 19 24 25 26 27 29 34 35 37 39 44 45 46 47 57 62 63 65 67 68 69 70 75 77 78 81 83 84 87 91 92 93 97 98 100
5 11 18 23 25 29 35 44 52 77 79 97
4 6 8 11 12 16 18 21 26 28 33 38 46 50 54 58 59 65 66 74 79 80 82
1 3 7 9 10 15 34 38 47 48 53 54 60 61 63 70 71 75 82 86 89 93 95
4 6 12 13 36 54 60 76 89 94 97
5 7 9 11 12 21 22 27 29 32 33 34 35 48 55 65 67 71 72 75 94 100
4 6 13 26 37 38 41 43 61 75 79 88
1 3 4 5 9 12 14 15 17 18 19 20 22 25 27 29 30 31 32 35 36 38 45 46 47 49 50 51 52 54 58 59 60 61 62 64 65 67 72 73 78 85 86 87 88 99
11 18 20 23 24 26 32 37 42 52 54 55 72 83 86 88 93
2 5 8 10 13 16 21 26 27 29 32 39 40 49 50 54 56 61 68 71 72 74 84 87 88 89 96
1 3 5 10 13 14 15 19 20 22 23 27 28 29 31 32 37 40 47 48 50 51 54 55 56 57 58 62 63 72 78 80 83 91 93 97
3 6 8 9 10 12 21 22 25 29 30 31 35 38 43 46 53 61 72 73 77 78 79 80 91
1 2 6 10 11 13 16 17 19 20 21 25 26 27 28 29 31 33 34 35 37 43 44 49 50 56 57 58 59 61 64 65 69 71 76 84 89 90 91 92
4 8 9 10 12 13 15 17 18 19 21 22 24 27 31 33 35 37 38 41 44 46 52 53 55 56 59 62 64 65 66 68 69 70 72 75 76 77 80 85 90 93
2 4 5 6 7 8 9 13 14 15 16 17 18 19 21 22 23 24 26 32 33 36 37 38 42 44 45 47 48 50 51 54 55 56 60 61 65 66 69 71 74 77 81 84 90 91 93 94 98 99
7 8 10 11 14 17 27 29 33 53 55 59 63 76 87
1 5 6 7 8 9 12 14 15 16 21 22 23 24 25 26 29 30 31 32 35 36 37 38 39 41 42 45 46 47 48 52 53 56 57 58 59 64 70 71 72 78 80 86 89 91 92 96 100
3 4 5 7 10 11 13 14 15 16 18 19 22 23 24 26 27 29 31 32 33 34 35 38 39 40 41 43 45 46 47 51 53 54 55 57 58 62 63 69 70 71 74 76 89 90 92 93 94 95
3 4 5 6 8 11 14 22 25 27 36 39 41 42 47 49 55 56 59 65 68 72 92 95
1 2 6 7 15 16 23 25 28 29 30 32 36 38 39 44 47 48 50 56 57 73 79 80 85 90
6 8 10 11 12 14 15 18 20 22 25 26 27 29 33 34 35 38 43 51 53 54 56 57 58 62 64 66 68 70 72 78 88 92 100
5 6 7 9 10 11 14 15 16 17 18 20 22 23 25 27 28 30 31 34 37 38 39 40 41 42 44 46 47 49 51 52 53 54 55 56 62 65 67 69 71 74 76 79 82 83 86 90 92
2 5 6 7 9 10 11 12 16 18 19 20 23 24 26 27 28 29 30 31 34 36 38 39 43 45 46 50 57 62 63 64 65 66 68 71 74 80 81 83 84 86 94 96 98 99
2 11 16 19 21 23 43 47 52 56 57 61 97
3 9 10 11 14 15 17 19 21 29 30 32 35 36 40 42 43 58 63 76 80 86 90
5 12 24 30 36 39 42 44 45 50
2 5 9 12 14 15 19 21 23 25 34 35 36 43 44 47 56 59 61 72 74 85 86 87 92
3 5 8 11 14 15 17 20 21 23 25 26 28 31 35 38 39 40 45 46 49 50 52 56 58 66 71 72 81 84 93 97
4 14 17 18 19 22 30 32 34 35 44 58 60 68 71 73 76 85 91 95
2 3 4 6 7 10 11 12 15 18 19 24 26 30 36 42 43 44 49 50 54 55 57 58 59 61 66 67 69 77 79 81 83 85 88 92 97 99 100
2 4 6 8 12 14 15 16 18 19 25 26 28 29 31 32 35 36 37 41 44 45 48 51 53 55 56 57 61 64 68 69 71 72 74 76 82 84 85 87 89 93 94 97
1 3 5 8 22 23 24 25 29 30 33 38 39 44 45 46 47 53 57 59 61 62 67 78 84 87 90
1 3 5 6 7 11 14 15 16 18 20 27 28 29 33 34 35 36 37 38 40 43 46 47 52 53 65 67 68 70 72 73 81 86 87 88 89 94 96 98
1 2 3 4 5 11 13 14 16 17 19 20 23 28 41 42 45 53 54 60 64 67 78 79 81 89 90 94
1 2 3 5 6 9 10 13 14 15 17 18 22 23 28 31 32 33 34 35 36 40 44 45 46 48 53 54 58 59 64 65 72 75 76 77 78 79 80 84 85 94
2 4 5 9 10 17 19 22 26 29 32 35 38 41 45 52 57 67 75 76 92
1 5 11 14 15 16 21 23 25 35 36 38 42 44 50 58 61 63 64 66 69 73 75 87 90 91 97 98
4 8 26 29 33 41 44 61 63 64 68 69 78 81 83 88
2 3 5 7 9 10 11 13 19 20 23 24 27 28 31 35 36 37 44 46 49 53 54 56 57 61 64 66 71 73 78 81 82 86 87 92
7 8 15 22 24 36 37 40 42 45 56 57 64 76 92 94
1 4 5 6 7 15 17 20 23 24 27 28 30 46 50 51 55 62 66 68 69 70 73 76 78 85 99
10 13 17 24 28 30 31 41 43 49 61 63 82 88 93
1 3 4 5 6 8 9 10 11 14 15 16 19 20 21 27 29 31 33 34 36 38 43 50 51 52 53 55 56 60 61 63 65 68 70 72 73 77 80 84 86 87 88 92 94 95 97
2 17 22 26 30 44 45 50 51 69
4 5 6 18 19 21 24 30 35 38 41 42 56 62 66 77 87 90 97 100
1 3 7 10 12 14 16 17 18 22 31 34 38 41 47 50 56 58 59 61 78 81 92 98
2 5 7 12 13 15 25 28 31 34 36 39 41 43 44 53 56 83 87 92 99
2 3 12 15 31 33 36 39 40 48 49 58 65 66 69 72 80 84 95
1 2 3 4 8 9 10 16 18 24 25 26 27 29 31 33 35 37 39 44 47 50 59 71 75 78 82 84 90 95
1 4 7 9 11 12 13 17 20 26 29 32 34 35 43 47 61 71 74 75 93
1 2 3 8 10 13 14 15 17 20 26 28 30 31 33 34 39 41 42 46 48 54 56 80 86 90 92
