100 150
1
0
0
0
0
1
0
0
0
0
1
0
0
0
0
1
0
0
0
0
1
0
0
0
0
1
0
0
0
0
1
0
0
0
0
1
0
0
0
0
1
0
0
0
0
1
0
0
0
0
1
0
0
0
0
1
0
0
0
0
1
0
0
0
0
1
0
0
0
0
1
0
0
0
0
1
0
0
0
0
1
0
0
0
0
1
0
0
0
0
1
0
0
0
0
1
0
0
0
0
24 25
86 87
1 73
30 44
20 21
82 83
16 83
16 17
78 79
9 49
12 13
74 75
33 83
44 72
8 9
70 71
45 63
4 5
66 67
0 1
62 63
31 94
32 93
58 59
45 72
38 46
10 74
48 94
55 87
54 55
12 97
9 34
3 7
42 92
36 98
44 90
52 82
50 51
14 54
31 95
27 99
29 97
46 47
6 87
15 78
39 54
26 34
75 76
42 43
15 70
37 48
17 93
41 69
38 39
22 55
6 38
51 84
50 52
34 35
32 37
6 63
96 97
61 66
7 87
30 31
92 93
68 84
26 27
88 89
33 78
5 73
22 23
9 36
84 85
56 80
11 59
18 19
4 33
80 81
35 93
25 70
0 95
14 15
90 96
76 77
68 85
28 59
10 77
12 75
10 11
86 92
72 73
13 99
36 76
18 61
6 7
2 11
81 89
68 69
21 83
43 61
2 3
77 85
68 94
64 65
41 88
15 81
55 99
65 89
60 61
42 46
56 57
50 63
13 67
29 51
60 78
52 53
7 98
31 41
48 49
25 72
21 43
2 62
10 21
43 79
47 75
44 45
38 51
37 52
40 41
34 47
16 90
11 95
36 37
1 39
2 5
98 99
46 85
1 97
25 73
32 33
0 65
12 20
94 95
13 77
40 50
28 29
90 91
67 81
49 66
