0 0
0 1
0 1
0 2
5 1
5 0
880 1
5 1
10 1
10 2
10 0
10 1
910 1
15 1
15 1
15 0
145 2
765 2
650 2
650 3
20 0
20 1
20 1
20 2
25 1
25 0
25 2
25 1
30 1
30 2
30 0
30 1
35 2
35 1
35 1
35 0
35 1
35 2
35 2
935 1
40 0
40 1
40 1
40 2
45 1
45 0
965 1
45 1
50 1
50 2
50 0
50 1
55 2
55 1
55 1
55 0
795 2
415 2
415 2
415 1
60 0
60 1
60 1
60 2
65 1
65 0
65 2
65 1
70 1
70 2
70 0
70 1
75 2
75 1
75 1
75 0
40 2
340 1
40 1
40 2
80 0
80 1
80 1
80 2
85 1
85 0
85 2
85 1
90 1
90 2
90 0
90 1
95 2
95 1
95 1
95 0
135 2
125 3
565 2
975 2
100 0
100 1
100 1
380 1
105 1
105 0
740 1
105 1
110 1
110 2
110 0
110 1
115 2
115 1
115 1
115 0
310 1
505 1
310 2
60 2
120 0
120 1
120 1
120 2
125 1
125 0
70 2
125 1
130 1
130 2
130 0
130 1
135 2
135 1
135 1
135 0
170 2
100 3
100 3
100 2
140 0
140 1
140 1
140 2
145 1
145 0
145 2
145 1
150 1
150 2
150 0
150 1
155 2
155 1
155 1
155 0
-1 -1
-1 -1
-1 -1
-1 -1
160 0
160 1
160 1
160 2
165 1
165 0
80 2
80 1
170 1
170 2
170 0
170 1
175 2
175 1
175 1
175 0
240 2
515 2
650 1
650 2
180 0
180 1
180 1
180 2
185 1
185 0
75 1
185 1
190 1
125 2
190 0
190 1
195 2
195 1
195 1
195 0
280 2
455 1
280 3
455 2
200 0
200 1
200 1
200 2
205 1
205 0
110 2
110 1
210 1
210 2
210 0
210 1
215 2
215 1
215 1
215 0
925 1
820 1
585 2
820 2
220 0
220 1
220 1
220 2
225 1
225 0
225 2
225 1
230 1
230 2
230 0
230 1
235 2
235 1
235 1
235 0
320 2
595 2
695 2
525 2
240 0
240 1
240 1
240 2
245 1
245 0
245 2
245 1
250 1
475 1
250 0
250 1
175 2
255 1
255 1
255 0
580 3
70 3
580 2
70 2
260 0
260 1
260 1
260 2
265 1
265 0
840 1
265 1
270 1
270 2
270 0
270 1
275 2
275 1
275 1
275 0
95 1
95 2
95 2
590 2
280 0
280 1
280 1
865 1
285 1
285 0
285 2
285 1
290 1
290 2
290 0
290 1
295 2
295 1
295 1
295 0
200 2
200 3
200 3
200 4
300 0
100 1
300 1
100 2
305 1
305 0
50 2
50 1
310 1
310 2
310 0
310 1
315 2
315 1
315 1
315 0
515 2
595 1
515 3
595 2
320 0
320 1
320 1
185 2
325 1
325 0
515 1
325 1
330 1
330 2
330 0
330 1
335 2
335 1
335 1
335 0
615 2
250 2
615 1
330 2
340 0
340 1
340 1
340 2
345 1
345 0
345 2
345 1
165 1
165 2
350 0
350 1
355 2
355 1
355 1
355 0
555 3
380 3
555 2
380 2
360 0
360 1
360 1
360 2
365 1
365 0
365 2
365 1
370 1
855 1
370 0
370 1
375 2
375 1
375 1
375 0
525 2
5 3
435 3
435 2
380 0
380 1
380 1
380 2
385 1
385 0
690 1
385 1
390 1
390 2
390 0
390 1
395 2
395 1
395 1
395 0
995 2
875 2
615 2
875 1
400 0
400 1
400 1
5 2
405 1
405 0
260 2
405 1
410 1
410 2
410 0
410 1
170 2
170 1
415 1
415 0
850 2
850 1
800 2
850 2
420 0
420 1
420 1
320 2
425 1
425 0
110 1
425 1
430 1
50 2
430 0
430 1
435 2
435 1
435 1
435 0
665 3
665 2
85 3
85 2
440 0
415 1
440 1
190 2
445 1
445 0
445 2
445 1
450 1
180 2
450 0
265 1
220 2
220 1
455 1
455 0
175 3
215 3
495 3
495 2
460 0
460 1
460 1
460 2
465 1
465 0
255 2
255 1
470 1
35 2
470 0
470 1
475 2
475 1
475 1
475 0
80 4
410 4
80 3
410 3
480 0
480 1
480 1
740 1
485 1
485 0
960 1
485 1
490 1
190 2
490 0
490 1
285 2
495 1
495 1
495 0
95 2
190 1
545 1
190 2
500 0
80 1
500 1
80 2
505 1
505 0
0 2
505 1
510 1
895 1
510 0
510 1
515 2
515 1
515 1
515 0
260 2
260 1
260 3
260 2
520 0
520 1
520 1
520 2
525 1
525 0
525 2
525 1
470 1
465 1
530 0
130 1
535 2
535 1
535 1
535 0
145 2
25 3
950 2
25 2
540 0
540 1
540 1
370 2
545 1
545 0
545 2
545 1
550 1
550 2
550 0
550 1
555 2
555 1
555 1
555 0
80 3
80 2
80 2
80 1
560 0
560 1
560 1
560 2
565 1
565 0
565 2
565 1
570 1
570 2
570 0
570 1
625 1
575 1
575 1
575 0
-1 -1
-1 -1
-1 -1
-1 -1
580 0
580 1
580 1
580 2
585 1
585 0
595 1
585 1
590 1
155 2
590 0
590 1
595 2
595 1
595 1
595 0
850 6
850 5
850 5
850 4
600 0
600 1
600 1
310 2
605 1
605 0
605 2
605 1
610 1
225 2
610 0
610 1
615 2
615 1
615 1
615 0
25 1
25 2
25 2
675 2
620 0
620 1
620 1
620 2
625 1
625 0
625 2
625 1
630 1
630 2
630 0
630 1
635 2
635 1
635 1
635 0
175 2
175 1
175 3
175 2
640 0
640 1
640 1
640 2
555 1
645 0
665 1
505 1
650 1
650 2
650 0
650 1
560 2
655 1
655 1
655 0
815 1
815 2
815 2
365 2
660 0
660 1
660 1
660 2
665 1
665 0
665 2
665 1
380 1
380 2
670 0
520 1
400 2
675 1
675 1
675 0
955 2
955 3
955 3
955 4
680 0
125 1
680 1
200 1
685 1
685 0
680 1
435 1
690 1
690 2
690 0
690 1
285 2
695 1
695 1
695 0
85 2
85 3
85 3
110 3
700 0
115 1
700 1
115 2
705 1
705 0
705 2
705 1
630 1
630 2
710 0
710 1
400 2
715 1
400 1
715 0
635 4
635 3
635 5
635 4
720 0
720 1
720 1
545 2
580 1
725 0
310 2
310 1
730 1
540 2
730 0
730 1
595 2
595 1
735 1
735 0
110 1
110 2
110 2
110 3
740 0
740 1
365 1
720 1
745 1
745 0
325 1
745 1
750 1
750 2
750 0
750 1
755 2
755 1
755 1
755 0
595 3
595 2
615 2
615 1
760 0
760 1
70 1
70 2
765 1
765 0
765 2
765 1
35 1
965 1
770 0
770 1
145 1
775 1
775 1
775 0
400 2
580 2
560 1
560 2
780 0
780 1
780 1
780 2
785 1
785 0
785 2
785 1
790 1
790 2
790 0
790 1
560 2
795 1
795 1
795 0
850 2
850 3
850 1
850 2
800 0
800 1
800 1
380 2
805 1
805 0
660 2
805 1
810 1
810 2
810 0
810 1
815 2
815 1
815 1
815 0
555 2
555 1
680 1
555 2
820 0
200 1
820 1
200 2
825 1
825 0
825 2
825 1
830 1
830 2
830 0
830 1
395 1
835 1
835 1
835 0
965 2
965 3
640 3
640 4
840 0
840 1
840 1
325 2
845 1
845 0
845 2
845 1
580 1
580 2
850 0
850 1
855 2
855 1
855 1
855 0
210 3
210 2
625 2
210 3
860 0
860 1
860 1
835 2
865 1
865 0
610 2
865 1
870 1
390 2
870 0
870 1
875 2
875 1
875 1
875 0
445 2
445 3
220 2
220 3
880 0
880 1
880 1
880 2
85 1
885 0
85 2
520 1
890 1
435 1
890 0
890 1
595 2
895 1
895 1
895 0
910 1
445 2
290 2
505 2
900 0
305 1
900 1
305 2
905 1
905 0
380 1
905 1
910 1
650 2
910 0
900 1
610 1
915 1
915 1
915 0
225 3
225 2
225 2
225 1
920 0
920 1
265 1
35 2
925 1
925 0
925 2
925 1
930 1
930 2
930 0
930 1
155 1
75 1
935 1
935 0
490 2
490 3
35 3
260 3
940 0
940 1
170 1
185 1
945 1
945 0
945 2
945 1
950 1
950 2
950 0
950 1
955 2
955 1
955 1
955 0
540 2
540 3
540 1
540 2
960 0
960 1
960 1
960 2
965 1
965 0
965 2
965 1
970 1
970 2
970 0
970 1
130 2
975 1
975 1
975 0
385 3
385 2
660 2
660 1
980 0
980 1
565 1
285 2
985 1
985 0
985 2
985 1
990 1
95 2
990 0
990 1
490 2
490 1
995 1
995 0
185 2
185 3
605 2
605 3
