1000 1500
1
0
0
0
0
1
0
0
0
0
1
0
0
0
0
1
0
0
0
0
1
0
0
0
0
1
0
0
0
0
1
0
0
0
0
1
0
0
0
0
1
0
0
0
0
1
0
0
0
0
1
0
0
0
0
1
0
0
0
0
1
0
0
0
0
1
0
0
0
0
1
0
0
0
0
1
0
0
0
0
1
0
0
0
0
1
0
0
0
0
1
0
0
0
0
1
0
0
0
0
1
0
0
0
0
1
0
0
0
0
1
0
0
0
0
1
0
0
0
0
1
0
0
0
0
1
0
0
0
0
1
0
0
0
0
1
0
0
0
0
1
0
0
0
0
1
0
0
0
0
1
0
0
0
0
1
0
0
0
0
1
0
0
0
0
1
0
0
0
0
1
0
0
0
0
1
0
0
0
0
1
0
0
0
0
1
0
0
0
0
1
0
0
0
0
1
0
0
0
0
1
0
0
0
0
1
0
0
0
0
1
0
0
0
0
1
0
0
0
0
1
0
0
0
0
1
0
0
0
0
1
0
0
0
0
1
0
0
0
0
1
0
0
0
0
1
0
0
0
0
1
0
0
0
0
1
0
0
0
0
1
0
0
0
0
1
0
0
0
0
1
0
0
0
0
1
0
0
0
0
1
0
0
0
0
1
0
0
0
0
1
0
0
0
0
1
0
0
0
0
1
0
0
0
0
1
0
0
0
0
1
0
0
0
0
1
0
0
0
0
1
0
0
0
0
1
0
0
0
0
1
0
0
0
0
1
0
0
0
0
1
0
0
0
0
1
0
0
0
0
1
0
0
0
0
1
0
0
0
0
1
0
0
0
0
1
0
0
0
0
1
0
0
0
0
1
0
0
0
0
1
0
0
0
0
1
0
0
0
0
1
0
0
0
0
1
0
0
0
0
1
0
0
0
0
1
0
0
0
0
1
0
0
0
0
1
0
0
0
0
1
0
0
0
0
1
0
0
0
0
1
0
0
0
0
1
0
0
0
0
1
0
0
0
0
1
0
0
0
0
1
0
0
0
0
1
0
0
0
0
1
0
0
0
0
1
0
0
0
0
1
0
0
0
0
1
0
0
0
0
1
0
0
0
0
1
0
0
0
0
1
0
0
0
0
1
0
0
0
0
1
0
0
0
0
1
0
0
0
0
1
0
0
0
0
1
0
0
0
0
1
0
0
0
0
1
0
0
0
0
1
0
0
0
0
1
0
0
0
0
1
0
0
0
0
1
0
0
0
0
1
0
0
0
0
1
0
0
0
0
1
0
0
0
0
1
0
0
0
0
1
0
0
0
0
1
0
0
0
0
1
0
0
0
0
1
0
0
0
0
1
0
0
0
0
1
0
0
0
0
1
0
0
0
0
1
0
0
0
0
1
0
0
0
0
1
0
0
0
0
1
0
0
0
0
1
0
0
0
0
1
0
0
0
0
1
0
0
0
0
1
0
0
0
0
1
0
0
0
0
1
0
0
0
0
1
0
0
0
0
1
0
0
0
0
1
0
0
0
0
1
0
0
0
0
1
0
0
0
0
1
0
0
0
0
1
0
0
0
0
1
0
0
0
0
1
0
0
0
0
1
0
0
0
0
1
0
0
0
0
1
0
0
0
0
1
0
0
0
0
1
0
0
0
0
1
0
0
0
0
1
0
0
0
0
1
0
0
0
0
1
0
0
0
0
1
0
0
0
0
1
0
0
0
0
1
0
0
0
0
1
0
0
0
0
1
0
0
0
0
1
0
0
0
0
1
0
0
0
0
1
0
0
0
0
1
0
0
0
0
1
0
0
0
0
1
0
0
0
0
1
0
0
0
0
1
0
0
0
0
1
0
0
0
0
1
0
0
0
0
1
0
0
0
0
1
0
0
0
0
1
0
0
0
0
1
0
0
0
0
1
0
0
0
0
1
0
0
0
0
1
0
0
0
0
1
0
0
0
0
1
0
0
0
0
1
0
0
0
0
1
0
0
0
0
1
0
0
0
0
1
0
0
0
0
1
0
0
0
0
1
0
0
0
0
1
0
0
0
0
1
0
0
0
0
1
0
0
0
0
1
0
0
0
0
1
0
0
0
0
1
0
0
0
0
1
0
0
0
0
1
0
0
0
0
1
0
0
0
0
1
0
0
0
0
1
0
0
0
0
1
0
0
0
0
1
0
0
0
0
1
0
0
0
0
1
0
0
0
0
1
0
0
0
0
1
0
0
0
0
1
0
0
0
0
1
0
0
0
0
1
0
0
0
0
1
0
0
0
0
792 793
726 727
197 199
164 166
71 259
145 185
660 661
594 595
65 67
32 34
528 529
295 762
462 463
401 524
957 959
924 926
396 397
330 331
130 531
825 827
792 794
264 265
198 199
693 695
464 924
506 882
660 662
132 133
25 240
349 907
66 67
561 563
528 530
0 1
78 848
958 959
429 431
26 834
396 398
892 893
826 827
297 299
264 266
760 761
648 807
694 695
165 167
132 134
628 629
388 869
520 671
562 563
308 817
469 656
33 35
0 2
496 497
430 431
193 668
925 927
892 894
364 365
814 906
79 584
298 299
98 499
793 795
760 762
610 912
232 233
396 994
166 167
661 663
435 889
51 216
628 630
277 981
100 101
34 35
529 531
185 875
496 498
465 529
992 993
926 927
397 399
364 366
860 861
794 795
265 267
69 463
232 234
728 729
662 663
562 763
133 135
100 102
596 597
451 742
63 73
400 727
530 531
1 3
992 994
464 465
398 399
893 895
860 862
332 333
98 567
252 347
266 267
761 763
728 730
519 939
533 925
200 201
100 301
134 135
629 631
489 771
373 887
596 598
68 69
185 943
35 36
2 3
497 499
464 466
960 961
894 895
365 367
98 634
332 334
828 829
131 403
762 763
233 235
200 202
696 697
606 787
630 631
587 674
101 103
68 70
564 565
498 499
993 995
960 962
432 433
72 793
366 367
861 863
328 339
828 830
754 904
300 301
234 235
729 731
696 698
168 169
595 733
102 103
597 599
564 566
36 37
470 528
994 995
465 467
238 694
432 434
928 929
807 984
862 863
333 335
300 302
796 797
110 426
730 731
201 203
168 170
664 665
598 599
572 625
69 71
163 968
36 38
532 533
208 857
466 467
961 963
279 588
928 930
400 401
243 492
334 335
212 457
18 651
829 831
796 798
268 269
639 889
202 203
697 699
422 974
599 797
664 666
136 137
70 71
565 567
7 68
532 534
379 687
4 5
962 963
433 435
400 402
248 554
896 897
338 398
307 429
830 831
301 303
268 270
764 765
720 743
698 699
455 942
169 171
77 263
453 878
136 138
632 633
555 644
566 567
37 39
4 6
500 501
434 435
929 931
35 768
896 898
368 369
338 399
302 303
150 455
797 799
764 766
236 237
4 403
170 171
665 667
632 634
104 105
235 965
311 823
38 39
533 535
528 540
500 502
996 997
329 607
930 931
401 403
368 370
864 865
798 799
269 271
236 238
59 415
732 733
666 667
137 139
1 275
417 850
284 983
104 106
90 120
600 601
534 535
5 7
996 998
468 469
402 403
218 587
897 899
864 866
336 337
53 620
220 453
270 271
765 767
732 734
659 807
204 205
78 265
138 139
633 635
600 602
72 73
398 672
123 947
6 7
501 503
468 470
964 965
183 689
125 681
898 899
369 371
336 338
832 833
766 767
237 239
204 206
700 701
566 769
634 635
105 107
72 74
568 569
283 854
325 746
502 503
997 999
964 966
436 437
370 371
865 867
832 834
304 305
238 239
733 735
662 806
700 702
172 173
95 250
463 873
541 729
547 723
106 107
601 603
568 570
40 41
224 848
998 999
469 471
436 438
932 933
866 867
337 339
149 527
304 306
119 491
800 801
196 282
734 735
205 207
172 174
668 669
602 603
432 773
73 75
40 42
536 537
99 974
470 471
965 967
932 934
404 405
154 589
769 965
338 339
833 835
121 490
800 802
272 273
502 968
206 207
701 703
509 895
668 670
630 708
560 778
140 141
566 706
305 901
74 75
569 571
536 538
126 948
8 9
75 933
966 967
437 439
11 865
32 844
404 406
900 901
321 423
104 640
834 835
305 307
272 274
768 769
523 948
656 815
702 703
173 175
140 142
636 637
570 571
216 925
41 43
32 52
8 10
504 505
438 439
164 713
419 458
933 935
900 902
372 373
306 307
801 803
79 468
271 276
768 770
240 241
103 312
174 175
669 671
636 638
399 875
108 109
42 43
537 539
386 690
504 506
216 794
934 935
405 407
139 673
175 637
372 374
868 869
805 932
191 489
802 803
607 998
273 275
240 242
736 737
520 887
670 671
444 897
141 143
108 110
604 605
538 539
9 11
46 965
472 473
384 561
406 407
901 903
868 870
340 341
106 509
274 275
769 771
103 380
736 738
208 209
182 235
176 241
77 340
64 287
142 143
637 639
604 606
76 77
394 750
225 919
10 11
505 507
472 474
968 969
902 903
373 375
340 342
836 837
684 989
770 771
241 243
208 210
704 705
454 889
97 189
638 639
109 111
511 700
76 78
572 573
506 507
399 548
968 970
440 441
7 874
896 910
374 375
252 497
869 871
133 550
836 838
308 309
242 243
737 739
704 772
704 706
176 177
110 111
605 607
408 804
572 574
44 45
370 710
473 475
440 442
46 836
936 937
115 701
870 871
341 343
308 310
804 805
192 294
171 315
738 739
611 866
583 894
209 211
176 178
81 273
672 673
362 917
606 607
561 652
77 79
44 46
540 541
175 840
280 735
474 475
969 971
200 683
936 938
408 409
194 557
342 343
837 839
804 806
276 277
243 244
210 211
705 707
672 674
144 145
285 995
78 79
573 575
283 865
540 542
12 13
474 542
117 899
222 728
970 971
441 443
284 600
408 410
904 905
838 839
309 311
276 278
237 317
772 773
706 707
177 179
144 146
640 641
574 575
214 935
45 47
94 989
12 14
508 509
207 744
442 443
937 939
904 906
376 377
190 497
310 311
805 807
81 474
59 496
772 774
244 245
129 294
178 179
50 307
673 675
640 642
486 796
112 113
355 795
46 47
541 543
508 510
459 493
6 880
938 939
409 411
900 911
376 378
872 873
117 505
806 807
277 279
565 982
244 246
740 741
643 838
674 675
632 717
145 147
112 114
39 187
608 609
497 720
16 144
542 543
13 15
476 477
338 615
76 811
410 411
905 907
872 874
344 345
724 890
278 279
66 491
773 775
740 742
624 858
212 213
146 147
641 643
608 610
80 81
223 929
505 647
14 15
509 511
476 478
327 627
972 973
409 479
66 822
906 907
377 379
344 346
177 513
840 841
236 322
774 775
245 247
490 993
212 214
116 310
174 252
708 709
642 643
113 115
80 82
576 577
155 932
174 913
510 511
200 821
972 974
444 445
378 379
873 875
840 842
312 313
246 247
741 743
512 972
41 386
708 710
180 181
380 906
114 115
609 611
418 802
576 578
48 49
477 479
444 446
940 941
874 875
345 347
312 314
808 809
709 908
803 814
747 870
138 356
742 743
593 892
213 215
180 182
676 677
561 792
96 134
610 611
81 83
539 616
48 50
544 545
478 479
194 763
973 975
83 808
148 743
940 942
412 413
346 347
841 843
808 810
280 281
538 948
214 215
709 711
676 678
148 149
605 683
82 83
577 579
544 546
16 17
974 975
445 447
187 705
412 414
221 605
172 654
908 909
753 998
254 440
842 843
313 315
172 456
280 282
776 777
696 857
710 711
181 183
645 710
148 150
6 292
644 645
483 740
578 579
49 51
16 18
512 513
386 573
446 447
941 943
117 710
908 910
380 381
190 505
702 984
314 315
809 811
88 475
776 778
658 896
248 249
182 183
677 679
644 646
384 906
116 117
369 855
50 51
545 547
404 688
512 514
367 659
942 943
413 415
178 650
380 382
876 877
181 449
810 811
281 283
248 250
202 296
744 745
678 679
149 151
120 180
116 118
108 126
612 613
546 547
17 19
359 668
480 481
912 974
414 415
909 911
876 878
348 349
264 367
188 443
282 283
151 414
777 779
744 746
733 757
216 217
607 751
150 151
645 647
619 673
612 614
84 85
18 19
513 515
480 482
976 977
139 757
910 911
381 383
272 492
348 350
844 845
738 951
778 779
249 251
194 306
216 218
14 420
712 713
687 738
582 777
646 647
117 119
395 832
84 86
580 581
514 515
461 568
976 978
448 449
116 715
382 383
340 425
877 879
844 846
316 317
250 251
69 432
745 747
712 714
184 185
118 119
613 615
580 582
52 53
125 905
481 483
448 450
944 945
903 986
70 762
239 527
878 879
349 351
768 923
316 318
812 813
746 747
217 219
42 394
491 936
184 186
680 681
136 168
76 228
449 846
614 615
462 767
85 87
52 54
548 549
482 483
977 979
433 466
944 946
416 417
224 609
350 351
845 847
168 467
812 814
284 285
651 909
218 219
713 715
580 848
95 276
680 682
152 153
558 738
582 648
86 87
581 583
548 550
20 21
134 832
188 778
978 979
449 451
416 418
912 913
846 847
317 319
284 286
780 781
689 872
714 715
185 187
62 310
152 154
648 649
582 583
53 55
496 603
128 971
20 22
516 517
450 451
945 947
204 631
111 724
25 810
912 914
384 385
318 319
127 510
813 815
780 782
252 253
36 469
558 938
606 824
186 187
681 683
387 977
648 650
120 121
558 608
54 55
549 551
128 972
516 518
387 647
456 512
946 947
417 419
384 386
880 881
151 553
814 815
676 953
285 287
161 411
653 910
252 254
132 374
748 749
721 776
631 866
139 301
682 683
153 155
120 122
616 617
550 551
21 23
478 557
245 790
484 485
414 555
85 884
376 527
418 419
33 804
913 915
880 882
352 353
781 915
80 559
16 623
286 287
781 783
1 506
184 323
748 750
586 912
540 958
680 818
220 221
112 263
680 686
154 155
649 651
513 787
616 618
88 89
22 23
517 519
371 665
128 908
484 486
109 861
980 981
914 915
385 387
352 354
848 849
834 863
651 980
33 541
782 783
253 255
231 277
220 222
716 717
650 651
368 933
121 123
72 172
425 810
88 90
584 585
518 519
310 727
217 820
267 770
980 982
452 453
22 817
386 387
881 883
848 850
320 321
25 616
733 833
254 255
749 751
716 718
443 991
188 189
391 911
122 123
617 619
584 586
327 843
56 57
437 667
485 487
452 454
103 803
948 949
258 582
882 883
353 355
320 322
316 326
816 817
750 751
701 800
221 223
188 190
684 685
442 927
618 619
89 91
61 119
56 58
552 553
486 487
981 983
948 950
420 421
326 515
861 905
354 355
849 851
816 818
288 289
222 223
75 370
717 719
699 737
684 686
410 960
156 157
580 724
80 167
83 164
90 91
585 587
552 554
266 840
183 923
24 25
39 935
982 983
453 455
352 556
420 422
916 917
284 492
850 851
321 323
288 290
784 785
718 719
189 191
156 158
652 653
586 587
57 59
365 742
226 881
24 26
520 521
169 806
454 455
949 951
916 918
388 389
260 517
322 323
817 819
12 567
784 786
256 257
165 348
671 767
190 191
685 687
555 817
652 654
124 125
58 59
553 555
520 522
474 568
278 698
38 938
442 534
950 951
421 423
388 390
348 430
884 885
62 650
818 819
289 291
256 258
752 753
686 687
157 159
154 162
127 189
124 126
58 192
620 621
40 78
554 555
25 27
498 545
488 489
358 553
29 882
422 423
917 919
884 886
356 357
290 291
80 501
785 787
752 754
224 225
615 759
158 159
110 207
653 655
536 772
319 989
620 622
92 93
460 650
26 27
521 523
488 490
272 706
984 985
317 595
110 736
89 757
106 740
918 919
389 391
377 403
356 358
852 853
660 979
786 787
257 259
224 226
720 721
134 184
654 655
441 868
125 127
92 94
588 589
204 907
522 523
287 692
984 986
456 457
68 845
390 391
293 488
885 887
856 916
123 592
852 854
324 325
170 413
258 259
753 755
720 722
192 193
618 692
126 127
621 623
14 173
588 590
402 776
60 61
170 942
489 491
456 458
371 543
311 603
952 953
886 887
357 359
265 451
324 326
820 821
754 755
225 227
192 194
688 689
646 665
622 623
467 778
93 95
60 62
556 557
422 625
490 491
267 714
985 987
952 954
424 425
56 793
87 696
882 892
358 359
853 855
820 822
292 293
248 337
226 227
721 723
688 690
160 161
94 95
589 591
556 558
400 714
28 29
380 668
986 987
457 459
424 426
331 519
91 759
920 921
203 581
17 767
854 855
325 327
197 455
292 294
788 789
722 723
193 195
160 162
656 657
590 591
586 595
61 63
285 830
28 30
524 525
458 459
145 772
953 955
920 922
392 393
221 498
106 613
326 327
821 823
274 313
788 790
260 261
58 397
486 960
194 195
689 691
616 764
656 658
128 129
62 63
557 559
524 526
11 973
954 955
425 427
327 525
108 744
246 606
392 394
888 889
296 424
153 567
822 823
293 295
287 301
260 262
756 757
690 691
161 163
128 130
624 625
187 996
558 559
29 31
492 493
426 427
921 923
888 890
360 361
294 295
789 791
756 758
228 229
162 163
21 304
657 659
414 902
624 626
96 97
30 31
525 527
492 494
988 989
922 923
393 395
360 362
255 467
856 857
94 496
790 791
261 263
228 230
724 725
658 659
129 131
96 98
592 593
8 54
526 527
988 990
460 461
394 395
889 891
856 858
328 329
66 591
798 850
262 263
757 759
724 726
196 197
130 131
75 186
625 627
62 133
592 594
288 898
64 65
329 791
493 495
460 462
12 910
956 957
415 441
890 891
361 363
249 475
328 330
824 825
87 439
758 759
229 231
528 923
196 198
692 693
626 627
97 99
265 922
64 66
560 561
290 765
494 495
72 917
989 991
406 517
956 958
428 429
362 363
100 625
857 859
824 826
296 297
93 500
557 961
230 231
725 727
692 694
672 714
513 873
164 165
444 876
98 99
71 126
593 595
237 951
560 562
435 687
32 33
990 991
461 463
428 430
924 925
33 693
858 859
329 331
296 298
273 321
